(280, 340),lt,-0.024662007874
(240, 400),rt,0
(0, 360),up,0
(200, 260),up,39.5023490757
(200, 320),up,48.665791672
(100, 20),rt,0
(140, 340),dw,-0.0559991780469
(180, 140),up,-0.151686143228
(280, 320),dw,-0.0256834697656
(160, 340),dw,-0.0651816321242
(260, 0),up,0
(120, 180),dw,-0.261828221537
(80, 40),dw,-0.576706921806
(260, 20),lt,0
(360, 60),dw,-0.0152100701486
(340, 0),up,0
(20, 240),lt,0
(180, 280),dw,-0.0279973092072
(400, 100),rt,0
(120, 20),lt,0
(100, 340),lt,-0.0778705679441
(400, 400),rt,0
(160, 100),rt,-0.271997328882
(100, 100),lt,-0.41746507185
(60, 220),dw,-0.214985833421
(340, 20),lt,0
(280, 240),up,-0.143632721988
(100, 60),up,-0.445063823358
(200, 240),dw,90.055
(140, 20),lt,0
(280, 280),dw,-0.0701442911195
(120, 260),lt,-0.158590216411
(120, 140),dw,-0.318952437048
(0, 200),rt,0
(260, 320),lt,-0.0240057208555
(60, 260),up,-0.140180882651
(100, 340),dw,-0.070254419375
(120, 340),dw,-0.0563263625
(280, 240),lt,-0.137838269839
(220, 380),up,-0.00975
(180, 60),lt,-0.19016364107
(160, 320),dw,-0.0574654040435
(260, 40),rt,-0.0102351234375
(340, 320),rt,-0.24725
(200, 300),lt,0
(60, 160),rt,-0.368096486944
(220, 280),dw,6.69870291863
(200, 40),rt,-0.0196888109375
(320, 280),lt,-0.0799810595587
(380, 120),lt,0
(320, 160),rt,-0.179741686478
(220, 140),lt,-0.188164298273
(200, 180),rt,-0.0752466194759
(120, 280),rt,-0.106628167889
(180, 260),dw,-0.0508425354427
(120, 380),lt,-0.0052375
(380, 0),lt,0
(140, 300),lt,25.056804123
(40, 220),lt,-5.0
(360, 120),rt,-5.0
(40, 80),lt,-5.0
(340, 260),dw,-0.0693884457412
(400, 120),up,0
(160, 120),rt,-0.266673573765
(100, 260),lt,-0.205664327328
(320, 40),rt,-0.014725625
(200, 260),lt,-0.0633913190846
(20, 320),dw,0
(0, 300),rt,0
(140, 320),dw,-0.0468109329396
(40, 120),lt,-5.0
(340, 60),rt,-0.24725
(340, 40),up,-5.0
(300, 380),lt,-0.005
(400, 160),up,0
(0, 340),dw,0
(140, 400),rt,0
(300, 360),dw,-0.24725
(160, 280),lt,-0.0263473420783
(300, 240),up,-0.139551804419
(380, 0),up,0
(100, 400),dw,0
(160, 140),lt,-0.0796139689709
(100, 300),up,-0.0463487710799
(80, 380),up,-0.0099875
(180, 80),lt,-0.31353870077
(180, 100),dw,-0.227560456764
(260, 400),lt,0
(80, 100),rt,-0.479759928342
(340, 340),lt,-0.020591051924
(280, 300),lt,25.2010144525
(240, 180),dw,-0.194038416574
(280, 120),lt,-0.191105555737
(120, 200),dw,-0.257681795169
(240, 280),lt,-0.0581938450405
(400, 380),rt,0
(300, 300),rt,-0.0267919471291
(60, 120),up,-0.339642426449
(140, 100),lt,-0.322646656427
(220, 40),up,-5.0
(20, 120),rt,0
(320, 200),lt,-0.166402928282
(260, 180),dw,-0.196101360305
(380, 400),lt,0
(300, 100),up,-0.18837577862
(160, 0),dw,0
(80, 380),rt,-0.005
(320, 220),up,-0.148848783925
(20, 20),dw,0
(240, 300),lt,82.8428628056
(120, 60),up,-0.414924594168
(140, 400),up,0
(60, 120),rt,-0.335800912977
(60, 80),up,-0.45053630274
(20, 20),rt,0
(100, 220),lt,-0.28669161208
(340, 60),up,-0.24725
(360, 80),rt,-5.0
(40, 280),dw,-0.0102361683633
(200, 180),dw,76.9256555822
(80, 240),rt,-0.248830134022
(360, 0),rt,0
(40, 100),up,-0.0326583947211
(60, 340),rt,-0.0509511248609
(280, 300),up,-0.0206757640741
(260, 180),rt,-0.192526727968
(180, 120),rt,-0.208971493515
(380, 100),rt,0
(180, 400),up,0
(200, 60),rt,-0.122175182609
(340, 200),lt,-0.105351139409
(300, 300),dw,-0.0296275742785
(100, 0),rt,0
(380, 160),lt,0
(160, 140),up,-0.351240353879
(120, 200),rt,0.575578469985
(120, 0),dw,0
(100, 220),dw,-0.283983601247
(160, 80),up,-0.281798187495
(180, 20),dw,0
(160, 280),up,-0.0296527121395
(140, 220),rt,-0.140780011214
(320, 0),lt,0
(200, 380),rt,-0.00975
(220, 0),lt,0
(40, 120),up,-0.0307382280529
(220, 80),dw,-0.187360331466
(280, 400),rt,0
(380, 320),up,0
(100, 280),lt,-0.146441878941
(100, 260),up,-0.181683043579
(300, 20),up,0
(400, 120),lt,0
(120, 220),up,-0.221550661765
(0, 20),lt,0
(180, 260),up,-0.0619685327923
(100, 100),up,-0.417203261158
(300, 120),lt,-0.187400959425
(240, 200),dw,-0.231604980361
(20, 400),rt,0
(80, 80),dw,-0.552011759268
(240, 380),dw,-5.0
(60, 240),up,-0.181012299735
(140, 0),lt,0
(360, 60),rt,-5.0
(340, 220),rt,-0.24725
(140, 300),dw,-0.0199251249219
(120, 180),rt,-0.273606262958
(260, 100),up,-0.193062589477
(160, 80),lt,-0.287706128257
(160, 340),rt,-0.0459895788541
(380, 280),lt,0
(160, 160),rt,-0.196310304179
(240, 260),up,-0.109516981696
(160, 20),dw,0
(140, 280),lt,-0.067334845455
(400, 0),up,0
(380, 0),dw,0
(140, 200),rt,0.557815828332
(80, 180),dw,-0.466088920561
(340, 140),up,-0.116595483151
(160, 360),lt,-0.0209142577382
(160, 180),dw,-0.103598560127
(40, 340),lt,-5.0
(160, 400),up,0
(360, 160),lt,-0.0195278300875
(40, 320),dw,-0.0109966078125
(80, 140),rt,-0.0602597123534
(200, 120),up,8.77550718465
(240, 240),rt,-0.148059642462
(20, 260),lt,0
(100, 180),dw,-0.409769415696
(340, 0),rt,0
(140, 60),up,-0.632402656347
(60, 260),lt,-0.24725
(160, 380),up,-0.0099875
(120, 300),rt,65.9140636674
(20, 60),up,0
(280, 240),dw,-0.138073947404
(120, 160),rt,-0.338407947133
(120, 260),up,-0.158325611789
(140, 20),up,0
(240, 80),rt,-0.203205296142
(60, 20),dw,0
(400, 100),lt,0
(140, 260),rt,-0.0956247798908
(340, 20),up,0
(100, 340),rt,-0.0653968040241
(260, 300),lt,55.558002605
(180, 0),up,0
(60, 400),rt,0
(400, 400),lt,0
(120, 60),lt,-0.318126604374
(0, 220),up,0
(80, 320),up,-0.0781065289164
(0, 80),rt,0
(400, 180),rt,0
(40, 320),lt,-5.0
(360, 160),dw,-0.0203853464064
(60, 300),rt,1.30611869425
(180, 220),lt,-0.0647626708656
(320, 220),lt,-0.15292927544
(300, 320),dw,-0.0306453400273
(400, 380),up,0
(200, 220),rt,0.189860849774
(260, 80),lt,-0.195166670328
(60, 220),lt,-0.222625821161
(140, 80),up,-0.35212867059
(260, 0),rt,0
(20, 20),lt,0
(300, 100),lt,-0.185138189265
(220, 200),up,-0.192281967472
(180, 140),rt,0.213533843797
(160, 340),up,-0.0412514372715
(120, 260),rt,-0.157165965176
(40, 400),up,0
(220, 360),lt,-0.0102249688292
(20, 360),lt,0
(60, 380),up,-0.00999878125
(340, 380),lt,-0.0052375
(360, 240),dw,-0.0199251249219
(60, 40),dw,-0.707874850979
(260, 160),dw,-0.190154263726
(180, 60),rt,-0.189162993419
(240, 200),lt,-0.232816561511
(340, 40),dw,-0.0099875
(260, 400),up,0
(200, 20),dw,0
(320, 320),lt,-0.0347827534878
(220, 340),rt,-0.0102362433869
(100, 320),rt,-0.0683243978418
(180, 20),up,0
(280, 320),rt,-0.025666202769
(240, 160),lt,-0.186015355604
(40, 180),up,-0.0384377442291
(0, 40),dw,0
(340, 260),up,-0.0693083621267
(220, 120),dw,-0.23934461479
(80, 300),lt,-0.0695905835204
(160, 200),lt,0.026346723383
(20, 280),up,0
(20, 320),lt,0
(180, 20),lt,0
(0, 260),up,0
(60, 180),lt,-0.471282619937
(20, 140),up,0
(300, 160),lt,-0.184690815243
(40, 220),dw,-0.0250820345364
(360, 340),up,-0.01496253125
(60, 100),rt,-0.583687009901
(200, 400),lt,0
(20, 0),dw,0
(160, 40),up,-5.0
(200, 340),lt,-0.00524934377173
(100, 160),dw,-0.421125394061
(20, 360),up,0
(320, 360),lt,-0.0099875
(400, 100),up,0
(300, 60),dw,-0.128173029509
(240, 40),rt,-0.0147486683633
(40, 280),lt,-5.0
(240, 220),up,-0.169034104387
(320, 300),dw,-0.0396698368835
(260, 20),up,0
(40, 160),up,-0.0520502046875
(240, 0),lt,0
(260, 80),up,-0.195807728706
(380, 240),up,0
(300, 40),lt,-0.0102362204724
(220, 140),up,-0.187583191272
(260, 160),rt,-0.185792754107
(40, 320),up,-0.0152095356289
(260, 340),rt,-0.0154781077448
(0, 220),lt,0
(200, 300),up,0
(60, 40),rt,-0.167106312245
(380, 340),lt,0
(40, 300),lt,-5.0
(260, 180),up,-0.191919165386
(220, 180),dw,-0.189502918273
(260, 360),lt,-0.0149624508006
(260, 300),up,-0.022697878112
(280, 120),rt,-0.190777160373
(120, 240),dw,-0.198454694401
(240, 20),lt,0
(200, 200),lt,-0.101764128452
(320, 60),lt,-0.127259230582
(240, 140),lt,-0.19027359389
(120, 260),dw,-0.15289591301
(100, 380),rt,-0.005
(240, 260),dw,-0.095978396342
(160, 0),lt,0
(260, 320),up,-0.0205282476302
(320, 220),dw,-0.150410497833
(320, 180),up,-0.17543906577
(160, 380),lt,-0.0102361683633
(140, 60),lt,-0.259712432973
(280, 260),rt,-0.108100166775
(100, 60),lt,-0.427978754292
(380, 240),dw,0
(320, 320),dw,-0.030829113
(160, 400),lt,0
(260, 360),rt,-0.01022440625
(80, 0),up,0
(260, 280),dw,-0.065496605991
(60, 140),up,-0.308960847151
(40, 240),rt,-0.0283797907953
(220, 40),rt,-0.014725625
(280, 60),dw,-0.135307045034
(240, 400),lt,0
(0, 400),dw,0
(80, 140),dw,-0.542543983942
(160, 280),dw,3.97650895088
(100, 400),up,0
(280, 40),rt,-0.01516559375
(0, 20),up,0
(120, 0),up,0
(300, 20),lt,0
(120, 360),dw,-0.24725
(320, 140),lt,-0.183794615419
(120, 320),rt,-0.0519125127537
(40, 120),dw,-0.0461781124906
(160, 20),rt,0
(40, 180),dw,-0.0560342898589
(80, 400),rt,0
(140, 0),dw,0
(380, 40),up,0
(280, 340),up,-0.0251126714144
(320, 260),dw,-0.107941793538
(80, 340),lt,-0.0829377187934
(80, 260),rt,-0.188271003039
(320, 240),dw,-0.130243451285
(220, 160),up,-0.168423313949
(380, 140),rt,0
(160, 240),dw,-0.0113665762593
(400, 20),up,0
(220, 80),rt,-0.213247893998
(80, 220),dw,-0.268210330974
(300, 0),up,0
(180, 380),up,-0.0149737842969
(200, 380),dw,-5.0
(400, 120),rt,0
(320, 180),rt,-0.176663175042
(120, 360),up,-0.0269675529822
(200, 80),lt,-0.161522934259
(400, 60),rt,0
(220, 380),rt,-0.005
(160, 320),lt,-0.0557168695387
(300, 80),lt,-0.188293746519
(180, 340),up,-0.0304823985842
(180, 0),dw,0
(20, 140),rt,0
(80, 160),dw,-0.481176069751
(20, 200),rt,0
(300, 280),lt,-0.0724044361975
(100, 0),dw,0
(360, 260),rt,-5.0
(200, 60),dw,9.40075551463
(380, 380),rt,0
(140, 20),dw,0
(20, 280),rt,0
(360, 280),up,-0.01496253125
(340, 300),rt,-0.24725
(140, 380),dw,-5.0
(400, 280),up,0
(300, 260),dw,-0.109622565772
(160, 380),dw,-9.75
(320, 400),rt,0
(120, 240),up,-0.200660011565
(260, 20),rt,0
(200, 100),lt,-0.165043812145
(60, 360),rt,-0.02552478699
(100, 320),up,0.630445705057
(180, 320),lt,-0.0285382741666
(220, 160),lt,-0.165536717748
(240, 340),up,-0.01496253125
(100, 200),rt,-0.343873099263
(360, 120),lt,-0.0102362204669
(340, 240),up,-0.0850733556771
(160, 120),lt,-0.281179141162
(60, 140),dw,-0.403437822472
(240, 360),rt,-0.0102356592969
(80, 80),lt,-0.507474319728
(260, 120),rt,-0.196988463115
(300, 40),dw,-0.01045003125
(260, 300),rt,-0.0102361938166
(400, 220),dw,0
(320, 0),up,0
(300, 220),dw,-0.156821597719
(140, 340),lt,-0.0434554721443
(300, 200),up,-0.172857523363
(300, 140),up,-0.18350493704
(220, 140),rt,-0.188773673556
(40, 200),lt,-9.75072317836
(300, 20),dw,0
(100, 160),lt,-0.425071719706
(240, 400),up,0
(380, 20),up,0
(20, 300),lt,0
(400, 60),up,0
(160, 300),lt,9.21140697192
(0, 240),rt,0
(0, 260),dw,0
(400, 160),lt,0
(60, 140),lt,-0.700913632468
(60, 400),up,0
(300, 160),dw,-0.181369747446
(340, 380),rt,-0.005
(220, 320),lt,-0.0145343807749
(40, 80),rt,-0.0476526427489
(80, 0),lt,0
(340, 120),rt,-0.24725
(240, 80),up,-0.200618381396
(140, 20),rt,0
(20, 100),lt,0
(380, 20),lt,0
(280, 380),lt,-0.00524934383202
(0, 40),up,0
(40, 340),up,-0.0149743188166
(20, 160),lt,0
(80, 160),rt,-0.469493906818
(300, 300),lt,6.9931442336
(0, 100),lt,0
(400, 40),dw,0
(220, 120),lt,-0.211271893683
(360, 360),dw,-0.24725
(260, 280),rt,-0.0663265902906
(280, 100),lt,-0.189467222919
(240, 160),rt,-0.184769187359
(0, 340),rt,0
(320, 280),rt,-0.0836606577303
(140, 200),up,-0.185234632319
(240, 20),up,0
(140, 140),up,-0.25704349636
(20, 220),lt,0
(20, 180),dw,0
(0, 300),dw,0
(40, 400),dw,0
(0, 120),rt,0
(360, 180),lt,-0.0263228473525
(160, 240),rt,-0.0672868905915
(300, 380),rt,-0.005
(180, 300),rt,99.8180284684
(380, 140),dw,0
(260, 400),rt,0
(180, 60),up,-0.233818217188
(140, 140),lt,-0.230860180762
(240, 280),rt,-0.0573280755188
(20, 40),up,0
(120, 220),rt,-0.215514587679
(200, 340),rt,-0.005
(300, 320),lt,-0.0302794033697
(100, 260),rt,-0.173238109282
(240, 140),up,-0.192637278116
(320, 260),lt,-0.110327588868
(200, 100),dw,55.4454922515
(360, 0),lt,0
(380, 60),up,0
(80, 400),dw,0
(340, 120),up,-0.120202653953
(200, 300),dw,0
(380, 100),lt,0
(0, 100),up,0
(100, 0),lt,0
(120, 20),up,0
(340, 100),dw,-0.124039526739
(160, 280),rt,0.0068188030236
(0, 160),lt,0
(20, 380),dw,0
(260, 320),dw,-0.0204604484375
(0, 400),rt,0
(360, 220),rt,-5.0
(80, 20),up,0
(120, 340),rt,-0.051973115316
(60, 320),dw,-0.0547597071796
(320, 0),dw,0
(160, 200),up,-0.147331867211
(280, 80),rt,-0.19193585214
(0, 60),up,0
(80, 160),up,-0.469814553434
(280, 20),rt,0
(160, 40),dw,-0.0398954090209
(260, 140),dw,-0.189653042985
(80, 20),lt,0
(240, 220),lt,0.00501808080529
(40, 200),up,-0.0407580724709
(140, 60),rt,-0.25713733458
(140, 340),up,-0.0450727548894
(0, 60),dw,0
(0, 240),up,0
(200, 0),rt,0
(280, 140),rt,-0.18649407412
(340, 380),up,-0.0099875
(160, 340),lt,-0.0376206461588
(0, 20),dw,0
(120, 240),rt,-0.197759220841
(140, 80),lt,-0.347889076027
(240, 320),lt,-0.010213125
(320, 380),rt,-0.005
(260, 340),dw,-0.0262325
(300, 220),up,-0.155317854804
(360, 260),up,-0.01496253125
(280, 340),dw,-0.0262325
(340, 200),rt,-0.22977941427
(360, 400),dw,0
(360, 140),rt,-5.0
(140, 120),dw,-0.30034545257
(100, 220),rt,-0.310370415427
(320, 60),dw,-0.129347114132
(320, 140),rt,-0.184364179321
(280, 60),lt,-0.128083250226
(240, 240),lt,0.715294490581
(100, 280),rt,-0.135603067344
(240, 40),dw,-0.0196978399445
(60, 0),lt,0
(60, 360),up,-0.028474266078
(100, 20),lt,0
(300, 280),dw,-0.07498814009
(320, 80),dw,-0.185051306912
(80, 340),rt,-0.0807671775429
(220, 60),dw,-0.130806430604
(120, 120),lt,-0.341990496481
(280, 220),rt,-0.166251378653
(160, 320),up,-0.0552088569251
(20, 260),up,0
(400, 200),rt,0
(40, 380),rt,-0.005
(160, 80),rt,-0.302082674047
(60, 260),dw,-0.14232650839
(140, 280),rt,-0.0681437939612
(340, 140),lt,-0.12182453579
(280, 280),up,-0.0732916035605
(200, 60),up,-0.217717062477
(400, 0),lt,0
(220, 300),dw,-0.0201060203597
(200, 160),rt,-0.107404744198
(340, 320),up,-0.0253466657119
(240, 140),dw,-0.192814002053
(80, 360),lt,-0.0448117996658
(160, 260),up,-0.0514584615752
(280, 340),rt,-0.0208668468668
(20, 260),rt,0
(80, 400),up,0
(320, 80),up,-0.185964388569
(100, 120),lt,-0.395592927876
(80, 200),up,-0.337297600494
(0, 20),rt,0
(0, 140),dw,0
(0, 200),lt,0
(240, 380),up,-0.0099875
(100, 280),up,-0.134156098103
(280, 140),dw,-0.192557049323
(0, 380),lt,0
(340, 380),dw,-5.0
(380, 300),up,0
(340, 320),lt,-0.0260502147444
(180, 220),rt,0.0312158580602
(120, 20),rt,0
(60, 160),lt,-0.444113722353
(400, 200),up,0
(180, 140),dw,-0.149881624902
(380, 40),lt,0
(320, 160),up,-0.179063390577
(220, 100),rt,-0.199099034148
(280, 220),up,-0.169809936406
(100, 100),rt,-0.417873824527
(180, 380),dw,-5.0
(220, 300),rt,3.41900637845
(380, 60),dw,0
(60, 300),dw,-0.0457816619273
(280, 380),dw,-5.0
(0, 80),dw,0
(400, 260),up,0
(60, 260),rt,-0.153841908056
(80, 300),dw,-0.0974544387338
(120, 400),up,0
(240, 80),dw,-0.200992376031
(260, 220),rt,-0.177256860657
(240, 220),dw,-0.141291969482
(180, 160),rt,-0.129412048063
(380, 220),rt,0
(40, 200),rt,-0.0651547273
(140, 240),up,-0.18745274486
(400, 300),rt,0
(340, 60),lt,-0.0822453408259
(40, 320),rt,-0.01496253125
(400, 160),rt,0
(380, 120),rt,0
(140, 400),lt,0
(160, 200),rt,0.323104822888
(40, 360),lt,-5.0
(280, 260),up,-0.112048423065
(260, 60),lt,-0.132642059348
(380, 180),dw,0
(300, 280),up,-0.0927604593912
(180, 360),dw,-0.233806935938
(60, 120),dw,-0.369645338741
(0, 180),lt,0
(120, 380),dw,-5.0
(100, 380),lt,-0.005
(300, 40),up,-5.0
(40, 160),lt,-5.0
(200, 400),rt,0
(120, 40),rt,-0.0565639774797
(280, 0),dw,0
(280, 100),rt,-0.188623151273
(240, 200),rt,-0.24840318582
(280, 20),up,0
(400, 380),lt,0
(140, 100),up,-0.326195040523
(280, 80),up,-0.192790876574
(400, 260),dw,0
(80, 100),up,-0.484005534432
(220, 280),lt,6.68258100044
(120, 60),dw,-0.465579693576
(340, 180),rt,-0.234054531172
(120, 280),up,-0.156874583167
(240, 0),rt,0
(400, 40),lt,0
(80, 20),dw,0
(320, 120),rt,-0.187335378033
(200, 180),up,17.2949411616
(100, 180),up,-0.348488252337
(120, 200),lt,-0.284634902411
(220, 20),dw,0
(260, 140),rt,-0.186691434857
(360, 400),lt,0
(160, 260),dw,0.219382027355
(100, 300),lt,-0.0528976652448
(60, 200),up,-0.258207473075
(140, 220),dw,-0.142479671583
(360, 340),rt,-5.0
(340, 120),dw,-0.122808583273
(60, 20),up,0
(160, 180),lt,-0.143919942148
(340, 340),rt,-0.24725
(280, 40),lt,-0.0102362204724
(0, 260),rt,0
(240, 160),up,-0.184503272802
(280, 400),lt,0
(340, 200),dw,-0.108692294629
(60, 60),up,-1.14257583518
(380, 400),up,0
(360, 80),lt,-0.00999934382916
(320, 380),dw,-5.0
(240, 60),rt,-0.134702157557
(380, 100),dw,0
(380, 280),dw,0
(240, 200),up,-0.232055387651
(80, 240),dw,-0.221991465079
(80, 60),dw,-0.576011146769
(60, 200),rt,-0.370279095664
(180, 200),rt,0.026760352582
(260, 240),lt,-0.0637601540887
(20, 240),dw,0
(100, 260),dw,-0.175458061934
(300, 40),rt,-0.014725625
(260, 120),dw,-0.193803004804
(120, 180),lt,-0.280182750236
(0, 340),up,0
(100, 140),lt,-0.332082092211
(180, 300),dw,-0.0214075848395
(340, 400),dw,0
(80, 120),lt,-0.456008393585
(300, 340),up,-0.0253375231635
(100, 300),dw,-0.107257476111
(360, 380),dw,-5.0
(40, 400),rt,0
(80, 320),lt,-0.0858408573465
(80, 140),lt,-0.392296656105
(60, 360),dw,-0.24725
(160, 0),rt,0
(320, 280),dw,-0.076970263885
(160, 380),rt,-0.0099875
(140, 120),up,-0.304424616088
(60, 300),up,-0.0524100151715
(360, 260),dw,-0.0199251249219
(220, 20),rt,0
(20, 200),dw,0
(360, 380),up,-0.0099875
(380, 360),rt,0
(180, 0),rt,0
(300, 140),rt,-0.182921017219
(180, 320),up,-0.0294275199589
(360, 160),up,-0.01496253125
(160, 160),up,-0.206427229442
(120, 160),up,-0.339451490915
(340, 20),dw,0
(280, 180),rt,-0.187540526019
(160, 100),lt,-0.276126425024
(240, 360),up,-0.01496253125
(380, 180),lt,0
(220, 200),dw,0.323894042408
(380, 260),rt,0
(80, 220),rt,-0.337980155802
(240, 260),lt,-0.098748754659
(0, 240),dw,0
(340, 160),lt,-0.119171756919
(220, 220),dw,0.795495768216
(300, 20),rt,0
(340, 60),dw,-0.0808214149113
(300, 80),rt,-0.188389517145
(400, 140),dw,0
(340, 0),lt,0
(0, 220),dw,0
(240, 360),lt,-0.0102351234375
(120, 160),lt,-0.346414768581
(220, 300),up,1.3378023091
(20, 180),rt,0
(340, 80),up,-0.134031932121
(220, 180),up,-0.152432463708
(80, 40),lt,-0.0798380886742
(180, 40),up,-5.0
(140, 360),rt,-0.0246642330617
(180, 200),dw,-0.0570148219476
(0, 140),up,0
(60, 200),dw,-0.251460353423
(400, 60),dw,0
(280, 0),up,0
(320, 0),rt,0
(380, 280),rt,0
(40, 60),dw,-0.0427598751277
(200, 40),lt,-0.0208712943069
(240, 60),dw,-0.140595271893
(280, 160),up,-0.188698225645
(140, 180),lt,-0.218093159972
(220, 160),rt,-0.166869270113
(320, 180),dw,-0.175000604968
(180, 180),up,-0.0973785389592
(220, 240),rt,-0.100345548611
(120, 360),rt,-0.0298025897808
(140, 40),up,-9.7502375
(180, 80),dw,-0.233872115728
(400, 360),dw,0
(300, 0),rt,0
(360, 340),dw,-0.0262325
(160, 320),rt,-0.0553736590154
(220, 80),up,-0.191589358352
(60, 100),lt,-0.456065535631
(100, 140),up,-0.373553646906
(140, 240),dw,-0.131542077287
(20, 140),dw,0
(40, 100),lt,-5.0
(0, 200),dw,0
(0, 340),lt,0
(180, 180),rt,-0.0967053049056
(260, 380),lt,-0.00524934383201
(280, 280),rt,-0.0676635060824
(120, 400),dw,0
(340, 360),lt,-0.010213125
(200, 240),rt,0.61272814829
(220, 340),lt,-0.0102362204669
(280, 260),dw,-0.107021954828
(140, 160),up,-0.260661651372
(160, 300),rt,94.2256091959
(60, 80),lt,-0.645653641365
(200, 260),dw,94.9
(0, 120),lt,0
(40, 380),up,-0.014725625
(320, 220),rt,-0.153808859636
(60, 140),rt,-0.274111332416
(340, 200),up,-0.105245798834
(260, 160),lt,-0.185943766705
(220, 260),rt,-0.0889253385571
(80, 280),dw,-0.137386425985
(60, 220),rt,-0.287541383242
(220, 320),rt,-0.0244124649141
(400, 340),up,0
(340, 80),rt,-0.24725
(220, 400),rt,0
(20, 120),up,0
(360, 200),rt,-5.0
(40, 20),up,0
(180, 360),rt,-0.0149743454123
(380, 300),dw,0
(120, 120),dw,-0.329978087033
(380, 120),dw,0
(20, 80),rt,0
(380, 260),up,0
(120, 320),dw,-0.051698494358
(380, 360),dw,0
(20, 220),rt,0
(80, 200),dw,-0.33296368441
(360, 240),rt,-9.7502375
(40, 160),rt,-0.059238568635
(60, 320),up,-0.0516600382021
(120, 340),lt,-0.0541305194146
(180, 160),dw,-0.127336745089
(360, 180),rt,-5.0
(200, 240),up,37.2461448508
(80, 320),dw,-0.0794259024311
(80, 380),lt,-0.0099875
(80, 300),rt,10.8991209881
(200, 360),lt,-0.0102362203549
(280, 20),lt,0
(40, 240),dw,-0.0199582622397
(0, 280),rt,0
(240, 320),dw,-0.0102356860195
(300, 240),lt,-0.137580504335
(100, 380),up,-0.0099875
(140, 380),up,-0.0152106033321
(320, 320),rt,-0.04166525
(400, 140),up,0
(220, 120),rt,-0.214188246677
(400, 340),lt,0
(180, 40),dw,-0.0269440383615
(0, 0),dw,0
(40, 20),lt,0
(40, 140),up,-0.24725
(160, 20),lt,0
(100, 320),dw,-0.0794723516557
(200, 0),lt,0
(320, 120),lt,-0.183245475674
(200, 20),rt,0
(400, 240),lt,0
(340, 40),rt,-0.2517625
(400, 180),lt,0
(320, 260),rt,-0.113129379112
(340, 360),up,-0.01496253125
(0, 320),dw,0
(300, 180),up,-0.177778869619
(60, 280),dw,-0.0966557416937
(220, 180),rt,-0.158257604235
(300, 380),up,-0.0099875
(400, 20),dw,0
(40, 40),lt,-56.0114733123
(40, 300),rt,-0.0157571370372
(60, 100),up,-0.375533221183
(140, 220),lt,-0.148095328952
(220, 80),lt,-0.18541216128
(200, 360),dw,-0.24725
(260, 0),dw,0
(20, 40),lt,0
(200, 220),dw,85.45225
(140, 40),lt,-0.0474930243916
(220, 380),lt,-0.00524934382916
(80, 220),up,-0.270201594683
(0, 0),rt,0
(120, 320),lt,-0.0541036716026
(240, 120),dw,-0.197965377694
(280, 220),lt,-0.171037780254
(60, 400),dw,0
(160, 240),up,-0.0704528930449
(80, 20),rt,0
(360, 320),lt,-0.01045003125
(40, 380),dw,-5.0
(120, 100),dw,-0.35597267856
(280, 0),lt,0
(340, 300),lt,-0.0308402373624
(240, 320),rt,-0.0154578324025
(80, 260),dw,-0.195867455088
(120, 300),dw,-0.0354117729093
(80, 120),rt,-0.453537490858
(40, 0),rt,0
(340, 220),lt,-0.101013164389
(300, 360),rt,-0.0099875
(380, 140),lt,0
(0, 200),up,0
(380, 200),up,0
(360, 20),dw,0
(80, 280),lt,-0.140357868441
(140, 120),rt,-0.32241130188
(100, 200),lt,-0.342052002347
(100, 340),up,0.0297775186387
(60, 380),rt,-0.005
(20, 220),dw,0
(80, 180),rt,-0.403900271977
(360, 20),lt,0
(20, 340),lt,0
(0, 40),rt,0
(340, 160),up,-0.115753448045
(200, 140),rt,-0.161170366622
(220, 340),dw,-0.01651875
(400, 60),lt,0
(120, 120),rt,-0.332348570268
(120, 300),lt,0.545701931713
(240, 380),rt,-0.005
(200, 320),lt,-0.00572380578635
(60, 60),dw,-0.628766160945
(20, 200),lt,0
(320, 120),dw,-0.187004665029
(0, 360),lt,0
(80, 0),dw,0
(400, 180),up,0
(340, 240),dw,-0.0834081217895
(400, 0),rt,0
(180, 200),up,-0.093249203605
(0, 80),lt,0
(220, 260),dw,3.53039214421
(60, 300),lt,-0.240635964009
(340, 160),rt,-0.240598220234
(400, 300),up,0
(60, 360),lt,-0.24725
(360, 60),up,-0.24725
(200, 220),lt,-0.114114608548
(300, 400),dw,0
(240, 60),up,-0.240136843832
(360, 100),lt,-0.0169780247679
(0, 0),up,0
(200, 120),rt,-0.314017361423
(240, 100),lt,-0.198176590727
(120, 400),rt,0
(360, 220),dw,-0.0151988452344
(0, 360),dw,0
(380, 80),lt,0
(360, 100),up,-0.01496253125
(240, 320),up,2.83250703235
(60, 20),rt,0
(380, 220),lt,0
(300, 360),lt,-0.0100105686925
(260, 240),dw,-0.132363075662
(120, 160),dw,-0.359950454937
(180, 120),dw,-0.209140345658
(400, 360),rt,0
(120, 180),up,-0.277851447682
(100, 180),rt,-0.337154139798
(40, 300),up,-0.0151875921875
(60, 240),rt,-0.181307215434
(140, 320),lt,-0.0434568960477
(20, 200),up,0
(200, 100),rt,-0.209277140349
(400, 340),dw,0
(0, 240),lt,0
(380, 380),dw,0
(120, 220),dw,-0.259544242379
(280, 360),lt,-0.0106970305349
(160, 160),dw,-0.202685725126
(40, 140),rt,-0.08657513204
(260, 140),up,-0.186448452199
(140, 160),dw,-0.260817621254
(120, 40),lt,-0.0522685948558
(340, 220),dw,-0.0991798631755
(40, 0),dw,0
(20, 340),up,0
(380, 60),rt,0
(80, 160),lt,-0.469590543478
(80, 80),rt,-0.506371665405
(340, 360),rt,-0.24725
(340, 180),lt,-0.142714400353
(400, 180),dw,0
(260, 280),lt,-0.068083414825
(0, 280),up,0
(40, 260),lt,-5.0
(100, 240),dw,-0.219416727035
(240, 120),lt,-0.197473545766
(200, 80),dw,31.2036651558
(100, 360),dw,-0.24725
(100, 240),lt,-0.220348267107
(40, 360),rt,-0.01022440625
(180, 400),rt,0
(320, 100),lt,-0.179151365312
(200, 280),dw,100.0
(360, 300),rt,-5.0
(400, 380),dw,0
(20, 300),rt,0
(220, 280),up,-0.0512429525309
(240, 180),rt,-0.200694149247
(240, 300),up,-0.0099875
(280, 80),lt,-0.190093930305
(20, 40),dw,0
(360, 0),up,0
(160, 240),lt,-0.0779252422156
(300, 340),dw,-0.0262325
(260, 340),lt,-0.0152106299212
(100, 140),dw,-0.497559047075
(40, 60),up,-0.24103599189
(400, 140),rt,0
(120, 0),rt,0
(260, 360),up,-0.0102362204724
(100, 400),rt,0
(20, 380),up,0
(20, 180),up,0
(140, 400),dw,0
(220, 400),up,0
(40, 240),up,-0.0203865810368
(280, 200),lt,-0.183386279377
(280, 260),lt,-0.107877643751
(220, 260),up,-0.0913130184318
(360, 80),dw,-0.0151988452344
(180, 280),lt,-0.026990245239
(300, 180),lt,-0.178986646479
(320, 400),dw,0
(100, 300),rt,36.6583728417
(140, 240),lt,-0.135922412474
(140, 160),rt,-0.261405490059
(400, 240),up,0
(320, 80),rt,-0.186025697805
(300, 240),rt,-0.136340260423
(320, 40),up,-5.0
(200, 0),up,0
(20, 160),up,0
(40, 240),lt,-5.0
(360, 140),lt,-0.0102362204669
(400, 340),rt,0
(220, 320),up,-0.0099875
(300, 400),lt,0
(360, 400),rt,0
(20, 380),lt,0
(0, 300),up,0
(400, 260),rt,0
(340, 100),lt,-0.121556521927
(60, 240),dw,-0.182112413263
(320, 20),lt,0
(320, 340),rt,-0.03716403125
(220, 280),rt,-0.0513929481766
(40, 60),lt,-9.75097790126
(220, 60),up,-0.24725
(160, 300),up,-0.0209625754648
(20, 300),up,0
(260, 240),rt,-0.134450334535
(20, 280),dw,0
(400, 40),rt,0
(100, 80),lt,-0.452510980045
(400, 200),lt,0
(0, 60),rt,0
(280, 140),lt,-0.185577089003
(300, 200),lt,-0.170075955797
(300, 260),up,-0.115378498475
(380, 300),lt,0
(260, 200),up,-0.202675341245
(400, 220),rt,0
(200, 200),dw,81.0796375
(120, 140),rt,0.247276464029
(100, 140),rt,0.0747333338303
(320, 100),up,-0.176548681833
(120, 100),up,-0.466697731771
(80, 80),up,-0.51041739007
(320, 40),dw,-0.010213125
(320, 320),up,-0.0367655613876
(380, 260),lt,0
(140, 360),up,-0.0269939345068
(200, 160),lt,-0.117159586644
(100, 120),up,-0.408789250408
(40, 0),up,0
(200, 280),rt,1.75190492896
(400, 80),lt,0
(40, 360),dw,-0.24725
(360, 40),rt,-5.0
(160, 100),dw,-0.313166924406
(360, 320),dw,-0.01496253125
(100, 40),lt,-0.0599617537115
(20, 180),lt,0
(280, 0),rt,0
(320, 300),lt,0.620185259638
(360, 280),lt,-0.0167898739485
(60, 280),up,-0.112769623869
(40, 0),lt,0
(40, 380),lt,-5.0
(340, 260),rt,-0.240598220234
(280, 360),dw,-0.24725
(100, 80),dw,-0.487159142772
(20, 100),dw,0
(40, 180),rt,-0.035451437107
(220, 100),lt,-0.197684233077
(380, 180),rt,0
(180, 340),lt,-0.0273883661221
(280, 140),up,-0.186394092247
(320, 400),lt,0
(160, 200),dw,-0.122793501516
(360, 20),rt,0
(220, 240),lt,0.763008146172
(120, 360),lt,-0.0309663010144
(180, 240),up,-0.061146575507
(320, 160),dw,-0.181608454283
(280, 60),rt,-0.128306059355
(160, 220),lt,-0.0790995434836
(180, 300),up,-0.0149716086367
(300, 0),lt,0
(200, 40),dw,0.658609574708
(260, 260),lt,-0.101558986838
(300, 400),up,0
(400, 20),lt,0
(260, 220),dw,-0.177242469502
(300, 220),lt,-0.165008050797
(260, 220),lt,-0.178360199971
(180, 180),lt,-0.0973227642464
(80, 180),up,-0.406398345196
(260, 120),lt,-0.190246327099
(0, 360),rt,0
(400, 300),lt,0
(340, 320),dw,-0.0256834697656
(380, 200),rt,0
(80, 100),dw,-0.529585543111
(360, 220),lt,-0.0102362203549
(180, 240),rt,-0.06536298279
(200, 120),dw,65.6675443369
(340, 140),rt,-0.24725
(360, 360),rt,-5.0
(300, 100),dw,-0.183984565854
(180, 40),lt,-0.0204455037503
(220, 100),dw,-0.200898211331
(240, 260),rt,-0.0963669948767
(100, 220),up,-0.287991399244
(260, 100),rt,-0.196549591238
(400, 0),dw,0
(20, 60),rt,0
(80, 360),up,-0.0286823572322
(60, 280),rt,-0.103247496255
(160, 60),lt,-0.242662596385
(60, 60),rt,-0.643541658341
(400, 320),rt,0
(20, 400),up,0
(320, 240),up,-0.134138010077
(60, 320),lt,-0.240598220234
(260, 280),up,-0.0696268587754
(20, 80),lt,0
(100, 200),up,-0.341891782326
(340, 280),dw,-0.0478825726241
(80, 40),rt,-0.0804416336041
(180, 160),lt,-0.136798365243
(380, 180),up,0
(220, 220),up,-0.0828355816732
(0, 380),rt,0
(320, 100),dw,-0.196417724875
(400, 80),dw,0
(380, 100),up,0
(200, 280),up,90.0426155561
(20, 0),rt,0
(100, 20),dw,0
(60, 380),dw,-5.0
(240, 340),lt,-0.0149737532805
(100, 240),up,-0.322184578915
(40, 220),rt,-0.0607200645238
(340, 180),up,-0.111427925336
(200, 20),up,0
(320, 20),up,0
(160, 80),dw,-0.28596466688
(200, 200),up,34.0342112334
(400, 200),dw,0
(380, 60),lt,0
(320, 240),lt,-0.130381884692
(380, 160),up,0
(120, 40),up,-9.75181974786
(340, 400),rt,0
(300, 380),dw,-5.0
(180, 120),up,-0.253411696738
(220, 60),rt,-0.134937960023
(40, 40),dw,-0.0798247265022
(40, 100),rt,-0.0511195588046
(240, 120),rt,-0.200389008617
(260, 20),dw,0
(80, 240),up,-0.221460651059
(140, 220),up,-0.153824763259
(320, 100),rt,-0.181004295563
(20, 80),dw,0
(400, 100),dw,0
(60, 80),rt,-0.450826250831
(160, 140),rt,0.614334696087
(200, 360),rt,-0.0102362192063
(0, 400),lt,0
(260, 240),up,-0.164067348663
(40, 20),dw,0
(260, 60),rt,-0.129975007199
(160, 40),lt,-0.0264173910765
(220, 400),dw,0
(280, 300),rt,0.29704387865
(340, 80),dw,-0.124106533917
(320, 400),up,0
(400, 240),dw,0
(0, 180),rt,0
(260, 220),up,-0.180748865187
(0, 320),rt,0
(160, 20),up,0
(20, 100),up,0
(400, 160),dw,0
(0, 260),lt,0
(260, 260),up,-0.104998633731
(340, 400),up,0
(280, 40),up,-5.0
(240, 100),up,-0.197906287424
(0, 0),lt,0
(160, 400),dw,0
(240, 60),lt,-0.135462736737
(180, 240),dw,-0.0589884789946
(180, 360),up,-0.0151875921875
(100, 160),up,-0.420044650281
(140, 240),rt,-0.132417578431
(300, 140),lt,-0.186737776809
(180, 200),lt,-0.0567590137766
(400, 280),rt,0
(20, 160),rt,0
(300, 0),dw,0
(300, 340),lt,-0.0293860372334
(160, 220),dw,-0.0778810179264
(40, 40),rt,-0.768612034858
(0, 280),dw,0
(100, 120),dw,-0.403232893429
(280, 180),lt,-0.183556301339
(340, 0),dw,0
(360, 300),up,-0.01496253125
(20, 40),rt,0
(20, 380),rt,0
(380, 0),rt,0
(220, 160),dw,-0.167546649971
(340, 100),rt,-0.24036190625
(380, 80),up,0
(160, 180),rt,-0.142088009518
(40, 400),lt,0
(100, 40),up,-5.0
(260, 200),dw,-0.20045952135
(80, 200),rt,-0.409710788682
(40, 60),rt,-0.443211304503
(320, 340),lt,-0.0296216775258
(140, 200),dw,-0.165579669477
(400, 80),up,0
(300, 60),lt,-0.128901280335
(0, 180),up,0
(100, 80),rt,-0.447284684142
(80, 280),up,-0.138848085072
(140, 360),dw,-0.24036190625
(120, 80),dw,-0.390570757635
(200, 160),up,65.6458003327
(380, 300),rt,0
(140, 360),lt,-0.0261004301584
(260, 60),up,-0.2425
(240, 280),dw,-0.0573481571237
(260, 160),up,-0.186585744647
(120, 100),lt,-0.360745811
(20, 400),dw,0
(300, 80),dw,-0.186232067013
(280, 160),rt,-0.184490168884
(380, 220),dw,0
(260, 200),lt,-0.200945596907
(240, 0),dw,0
(220, 0),rt,0
(0, 120),dw,0
(80, 280),rt,-0.170977186198
(80, 60),up,-0.643239548092
(120, 20),dw,0
(200, 120),lt,-0.131840505112
(80, 220),lt,-0.270053519498
(280, 180),dw,-0.183783233995
(140, 40),rt,-0.0471756737622
(400, 360),up,0
(180, 380),lt,-0.0104612816846
(260, 380),dw,-5.0
(260, 40),up,-5.0
(340, 100),up,-0.125234173582
(240, 160),dw,-0.186376543512
(300, 200),dw,-0.174330265228
(180, 180),dw,-0.0432758918876
(360, 140),up,-0.01496253125
(360, 320),rt,-5.0
(300, 120),up,-0.184665117639
(40, 40),up,-60.3058231175
(400, 360),lt,0
(360, 380),lt,-0.00524878125
(60, 240),lt,-0.245182805877
(320, 160),lt,-0.179011869935
(200, 40),up,-5.0
(340, 180),dw,-0.115341443866
(80, 340),up,-0.0770256635239
(160, 360),rt,-0.0242136267681
(40, 160),dw,-0.0519858450431
(140, 180),dw,-0.206130079529
(180, 260),lt,-0.0539287447396
(180, 280),up,-0.0484361182084
(180, 100),up,-0.231414769029
(220, 260),lt,-0.0859380136469
(0, 380),up,0
(180, 340),dw,-0.025593954457
(80, 40),up,-9.7536082451
(320, 140),up,-0.181900831091
(340, 80),lt,-0.121427514252
(280, 200),up,-0.181648375393
(220, 300),lt,99.8084510193
(220, 140),dw,-0.200096616918
(220, 400),lt,0
(220, 20),up,0
(200, 320),dw,-0.0052375
(300, 240),dw,-0.134225488332
(300, 220),rt,-0.155977332329
(360, 280),dw,-0.01496253125
(140, 380),lt,-0.0102351234375
(380, 360),up,0
(120, 80),lt,-0.520937356734
(240, 360),dw,-0.24725
(20, 240),rt,0
(160, 260),lt,-0.0484707407185
(80, 380),dw,-5.0
(200, 140),up,62.2713101585
(260, 340),up,-0.0204251901874
(200, 320),rt,-0.0154019359375
(80, 120),dw,-0.456131494351
(260, 80),rt,-0.194886595389
(360, 300),lt,-0.0104613110167
(20, 120),dw,0
(220, 220),rt,-0.173910010856
(360, 180),up,-0.0199251249219
(260, 360),dw,-0.24725
(380, 260),dw,0
(140, 180),rt,-0.204951817969
(240, 120),up,-0.205241780664
(340, 20),rt,0
(40, 260),up,-0.0151988452344
(20, 360),rt,0
(120, 120),up,-0.33893315138
(0, 280),lt,0
(340, 300),dw,-0.0341180668654
(400, 140),lt,0
(100, 20),up,0
(240, 400),dw,0
(300, 140),dw,-0.187112386811
(380, 80),rt,0
(320, 20),dw,0
(280, 60),up,-0.233867986315
(20, 120),lt,0
(360, 300),dw,-0.01496253125
(180, 400),dw,0
(220, 380),dw,-5.0
(320, 60),rt,-0.132371155742
(100, 360),rt,-0.0344224367675
(380, 360),lt,0
(260, 380),rt,-0.005
(360, 360),up,-0.01496253125
(100, 240),rt,-0.218339086927
(340, 280),lt,-0.052099716668
(240, 340),rt,-0.010236702883
(340, 360),dw,-0.24725
(140, 320),rt,-0.0445602455329
(40, 280),up,-0.01496253125
(20, 320),rt,0
(320, 200),up,-0.164136481035
(160, 60),dw,-0.240725022522
(0, 100),dw,0
(260, 140),lt,-0.195071191346
(120, 380),rt,-0.01022440625
(280, 160),dw,-0.190301970067
(40, 140),dw,-0.0375964728073
(400, 320),up,0
(360, 340),lt,-0.0102351234375
(320, 240),rt,-0.141568677267
(80, 120),up,-0.456798730299
(300, 180),dw,-0.178197906086
(340, 400),lt,0
(360, 200),dw,-0.0152100701486
(180, 80),up,-0.23464034072
(140, 100),rt,-0.322528444199
(320, 200),rt,-0.168539199778
(320, 340),up,-0.0300214115962
(40, 120),rt,-0.0813605819751
(180, 120),lt,-0.212489252602
(340, 280),up,-0.0586363169228
(400, 300),dw,0
(40, 260),rt,-0.0168885916025
(60, 160),dw,-0.37165675926
(280, 40),dw,-0.0157733961115
(0, 60),lt,0
(140, 180),up,-0.306834420548
(260, 40),dw,-0.0099875
(380, 320),lt,0
(60, 200),lt,-0.664708789503
(340, 40),lt,-0.0102362204724
(120, 200),up,-0.257546314418
(100, 0),up,0
(0, 140),lt,0
(360, 200),up,-0.020149623207
(220, 360),dw,-0.2425
(40, 80),up,-0.0410896774989
(200, 280),lt,-0.0667321834395
(300, 400),rt,0
(60, 380),lt,-0.24725
(120, 300),up,-0.110714248341
(140, 300),up,-0.0206736814483
(180, 160),up,-0.138861141707
(340, 160),dw,-0.11515203964
(200, 140),lt,-0.144723674679
(20, 80),up,0
(220, 200),lt,-0.187345263376
(160, 400),rt,0
(40, 300),dw,-0.0102351234375
(340, 240),rt,-0.437712170903
(120, 80),up,-0.392732412572
(80, 360),rt,-0.0302666122505
(360, 20),up,0
(380, 400),rt,0
(280, 200),rt,-0.188437123224
(380, 120),up,0
(380, 160),rt,0
(220, 20),lt,0
(120, 40),dw,-0.133538952988
(180, 280),rt,0.403313199885
(400, 240),rt,0
(200, 400),dw,0
(100, 40),dw,-0.077658360526
(100, 100),dw,-0.478125905265
(160, 160),lt,-0.208601668179
(0, 160),dw,0
(180, 0),lt,0
(340, 220),up,-0.0972090347261
(240, 300),rt,7.53725428382
(260, 60),dw,-0.135227613354
(140, 200),lt,-0.0925442225113
(340, 300),up,-0.0360608072405
(180, 100),lt,-0.275397886507
(400, 400),up,0
(200, 140),dw,69.2303998206
(60, 180),dw,-0.343485523682
(360, 320),up,-0.01496253125
(360, 200),lt,-0.0191139681299
(140, 120),lt,-0.307512385376
(120, 400),lt,0
(360, 400),up,0
(300, 300),up,-0.0461798092854
(300, 60),rt,-0.124789226754
(140, 280),dw,-0.0682158371927
(0, 40),lt,0
(300, 120),rt,-0.184010007528
(160, 360),up,-0.0214206178983
(40, 200),dw,-0.0395536864799
(320, 120),up,-0.186126853048
(140, 80),dw,-0.379487000572
(320, 360),rt,-0.021494375
(60, 100),dw,-0.372158159419
(380, 240),rt,0
(120, 100),rt,-0.357260488538
(260, 40),lt,-0.0104849085927
(280, 220),dw,-0.167019460287
(160, 220),up,-0.0915211047369
(240, 380),lt,-0.00524934383188
(260, 260),dw,-0.101921460994
(80, 340),dw,-0.0781465337755
(220, 240),up,0.339187893364
(80, 60),lt,-0.581597350823
(380, 320),dw,0
(100, 280),dw,-0.135077360666
(260, 0),lt,0
(320, 140),dw,-0.184316528937
(320, 300),rt,-0.0458443904727
(40, 340),rt,-0.0154878576245
(360, 140),dw,-0.01496253125
(380, 340),rt,0
(180, 380),rt,-0.014725625
(400, 80),rt,0
(160, 0),up,0
(40, 140),lt,-9.75048619382
(360, 80),up,-0.0262325
(20, 340),rt,0
(180, 220),dw,-0.0578074703942
(400, 20),rt,0
(60, 60),lt,-1.04063614352
(220, 0),up,0
(300, 260),lt,-0.112117324666
(100, 40),rt,-0.0730173890711
(360, 120),up,-0.01496253125
(160, 180),up,-0.143880173358
(300, 60),up,-0.24725
(180, 60),dw,-0.21966744227
(380, 160),dw,0
(60, 20),lt,0
(100, 320),lt,-0.070200602628
(20, 60),dw,0
(260, 100),dw,-0.193599501412
(280, 280),lt,-0.0721771785055
(180, 400),lt,0
(200, 240),lt,-0.0565749748898
(20, 260),dw,0
(180, 320),rt,-0.0326381166451
(280, 180),up,-0.186709989572
(180, 40),rt,-0.0334736062056
(200, 180),lt,-0.0756327524941
(300, 100),rt,-0.184696328752
(200, 160),dw,72.9793714754
(340, 140),dw,-0.120338697518
(220, 360),rt,-0.0102361938166
(360, 160),rt,-5.0
(280, 20),dw,0
(360, 100),rt,-5.0
(240, 100),rt,-0.198568433503
(200, 80),up,-0.153428056734
(260, 260),rt,-0.106028031261
(140, 260),dw,-0.0971599693558
(60, 320),rt,-0.0545236998663
(220, 60),lt,-0.135592584732
(60, 0),up,0
(260, 320),rt,-0.0256132926816
(180, 360),lt,-0.0157067121584
(20, 340),dw,0
(320, 40),lt,-0.0102362204724
(280, 240),rt,-0.137834782064
(320, 340),dw,-0.0262325
(40, 260),dw,-0.0152106250946
(380, 380),up,0
(240, 240),dw,-0.132928743836
(200, 300),rt,0
(20, 0),up,0
(40, 360),up,-0.014725625
(320, 380),up,-0.0099875
(200, 340),dw,-0.021494375
(360, 240),lt,-0.0159227406705
(140, 160),lt,-0.403815709307
(0, 400),up,0
(60, 180),rt,-0.330284246241
(20, 100),rt,0
(60, 120),lt,-0.448738935772
(260, 400),dw,0
(280, 360),rt,-0.0099875
(140, 300),rt,82.0565104339
(0, 320),lt,0
(400, 220),up,0
(0, 100),rt,0
(280, 120),up,-0.18840341631
(160, 60),rt,-0.241909363258
(220, 320),dw,-0.0112800492188
(60, 40),up,-51.2901629459
(400, 260),lt,0
(80, 240),lt,-0.224677663675
(100, 400),lt,0
(200, 0),dw,0
(200, 260),rt,0.154762183269
(280, 200),dw,-0.185267434916
(160, 300),dw,-0.102890160615
(80, 100),lt,-0.490849814744
(360, 40),dw,-0.01496253125
(280, 400),dw,0
(140, 60),dw,-0.356729534078
(380, 80),dw,0
(200, 20),lt,0
(60, 160),up,-0.360084561301
(160, 40),rt,-0.0342052053098
(0, 160),up,0
(180, 20),rt,0
(240, 20),rt,0
(200, 200),rt,0.00760463162714
(280, 80),dw,-0.192332305864
(180, 80),rt,-0.235187413786
(20, 360),dw,0
(220, 180),lt,-0.1489762992
(300, 160),rt,-0.180485656974
(220, 240),dw,1.6909632232
(40, 220),up,-0.0296667479312
(20, 160),dw,0
(340, 340),up,-0.0201720449733
(260, 80),dw,-0.193669740373
(120, 380),up,-0.0099875
(60, 340),dw,-0.0563263625
(360, 0),dw,0
(60, 340),lt,-0.240598780144
(20, 400),lt,0
(40, 280),rt,-0.0172075778563
(320, 200),dw,-0.163474761414
(380, 220),up,0
(280, 320),up,-0.0296581535667
(140, 100),dw,-0.369419047582
(160, 100),up,-0.270775864554
(320, 280),up,-0.0827495868187
(80, 260),up,-0.184482020659
(280, 360),up,-0.0151988452344
(300, 180),rt,-0.180529938792
(100, 360),up,-0.0279843188553
(0, 220),rt,0
(380, 380),lt,0
(120, 140),lt,-0.281138987439
(240, 220),rt,-0.198849850274
(100, 200),dw,-0.340104760428
(380, 280),up,0
(380, 340),up,0
(200, 380),lt,-0.0104837874632
(60, 0),dw,0
(280, 100),up,-0.190920256686
(60, 340),up,-0.0474714773792
(220, 200),rt,-0.310445855344
(320, 180),lt,-0.171184904766
(200, 400),up,0
(380, 20),rt,0
(360, 240),up,-0.01496253125
(220, 120),up,-0.215174972425
(260, 120),up,-0.19208561884
(260, 100),lt,-0.190723954802
(80, 180),lt,-0.407642403881
(240, 240),up,-0.132097930031
(280, 380),up,-0.0099875
(240, 80),lt,-0.195172971701
(80, 140),up,-0.407043722566
(60, 180),up,-0.327991554126
(300, 320),up,-0.030604929028
(360, 260),lt,-0.0167856137448
(60, 400),lt,0
(380, 40),dw,0
(320, 300),up,-0.0416649655123
(80, 300),up,-0.0660316480536
(140, 260),up,-0.155511088724
(300, 200),rt,-0.170690221549
(180, 100),rt,-0.227062846893
(320, 260),up,-0.114144180497
(180, 240),lt,-0.0691836617476
(300, 340),rt,-0.026482194957
(340, 260),lt,-0.0730840123429
(40, 80),dw,-0.0614396054369
(20, 240),up,0
(140, 40),dw,-0.0613273584254
(20, 300),dw,0
(220, 100),up,-0.207429869653
(180, 140),lt,-0.147362379864
(60, 0),rt,0
(300, 320),rt,-0.0263798726094
(220, 0),dw,0
(200, 80),rt,-0.202073572734
(60, 280),lt,-0.24725
(40, 340),dw,-0.021494375
(340, 340),dw,-0.0262325
(400, 40),up,0
(280, 400),up,0
(220, 360),up,-0.00975
(240, 300),dw,-0.0104719746914
(300, 280),rt,-0.0732523501045
(260, 300),dw,-0.029528970661
(160, 120),dw,-0.240805278131
(60, 220),up,-0.213853275685
(140, 260),lt,-0.0966262507822
(360, 120),dw,-0.01496253125
(140, 0),rt,0
(360, 280),rt,-9.75024878125
(360, 180),dw,-0.0199368830196
(80, 60),rt,-0.549318471478
(300, 360),up,-0.01496253125
(380, 200),lt,0
(180, 220),up,-0.0547240929953
(320, 360),dw,-0.24725
(220, 220),lt,0.440796320623
(180, 260),rt,-0.0365952274077
(260, 200),rt,-0.213741186334
(100, 180),lt,-0.336954549046
(320, 80),lt,-0.178268242579
(380, 140),up,0
(180, 340),rt,-0.0275653514844
(120, 280),dw,-0.104254440412
(360, 40),up,-5.0
(120, 280),lt,-0.108675252218
(220, 40),dw,-0.0208061477861
(160, 360),dw,-0.472875
(340, 120),lt,-0.122555980216
(100, 120),rt,-0.396572641716
(300, 260),rt,-0.111397522189
(200, 380),up,-0.0099875
(160, 220),rt,-0.0777727379189
(240, 20),dw,0
(140, 380),rt,-0.01022440625
(20, 60),lt,0
(100, 80),up,-0.450113878494
(160, 60),up,-0.240598246957
(120, 320),up,-0.0555257520263
(160, 260),rt,-0.054554552559
(320, 360),up,-0.0151886625666
(100, 360),lt,-0.0312162834553
(380, 340),dw,0
(0, 300),lt,0
(240, 40),lt,-0.0104848832062
(140, 280),up,-0.068635628856
(120, 60),rt,-0.316593627398
(280, 320),lt,-0.02501718885
(400, 120),dw,0
(20, 220),up,0
(280, 100),dw,-0.192639188215
(140, 0),up,0
(0, 180),dw,0
(180, 300),lt,59.4287305473
(80, 0),rt,0
(240, 180),lt,-0.192793715324
(280, 300),dw,-0.0249007399766
(240, 340),dw,-0.02172
(40, 20),rt,0
(120, 220),lt,-0.219306940887
(160, 140),dw,-0.207620596847
(120, 0),lt,0
(60, 80),dw,-0.556744579789
(120, 80),rt,-0.389701593115
(140, 340),rt,-0.0476198001273
(240, 0),up,0
(40, 100),dw,-0.0587116031903
(380, 400),dw,0
(100, 160),rt,-0.41977294817
(120, 140),up,-0.304224870013
(400, 320),dw,0
(200, 360),up,0.0070471875
(20, 20),up,0
(240, 100),dw,-0.199225484526
(120, 340),up,-0.055033836789
(60, 40),lt,-0.469902252711
(360, 100),dw,-0.01496253125
(80, 360),dw,-0.24036190625
(280, 380),rt,-0.005
(320, 380),lt,-0.005
(0, 320),up,0
(400, 280),dw,0
(80, 200),lt,-0.337444053478
(240, 180),up,-0.19578556948
(160, 120),up,-0.273058407468
(100, 60),dw,-0.428099144234
(340, 240),lt,-0.0818639056515
(180, 320),dw,-0.0313873604532
(80, 400),lt,0
(0, 380),dw,0
(340, 280),rt,-0.24725
(260, 180),lt,-0.194052768887
(80, 260),lt,-0.186468312243
(200, 100),up,-0.135233803016
(120, 240),lt,-0.19808784557
(140, 140),dw,-0.247019527285
(200, 60),lt,-0.155367267658
(240, 40),up,-5.0
(100, 380),dw,-5.0
(380, 40),rt,0
(400, 280),lt,0
(0, 140),rt,0
(360, 360),lt,-0.0102351234375
(280, 120),dw,-0.191172678864
(400, 220),lt,0
(400, 400),dw,0
(0, 120),up,0
(360, 220),up,-0.01496253125
(360, 380),rt,-5.0
(140, 320),up,-0.0426924408956
(140, 140),rt,0.509007767582
(380, 20),dw,0
(220, 40),lt,-0.0104843487533
(220, 340),up,-0.01473690625
(380, 320),rt,0
(300, 80),up,-0.186069314312
(240, 140),rt,-0.192361208765
(200, 340),up,7.93675594589
(320, 20),rt,0
(260, 380),up,-0.0099875
(400, 320),lt,0
(240, 280),up,-0.0685415484338
(320, 60),up,-0.24725
(360, 40),lt,-0.0102362204724
(380, 200),dw,0
(100, 60),rt,-0.454187718713
(300, 160),up,-0.182697908797
(380, 240),lt,0
(20, 140),lt,0
(20, 320),up,0
(40, 180),lt,-9.75154826798
(0, 160),rt,0
(20, 280),lt,0
(140, 80),rt,-0.344682284902
(200, 220),up,32.0374390532
(360, 60),lt,-0.0160088997586
(300, 120),dw,-0.185734160636
(280, 160),lt,-0.182312970998
(20, 0),lt,0
(0, 80),up,0
(80, 320),rt,-0.0774255590889
