(280, 340),lt,-0.0199251503752
(240, 400),rt,0
(0, 360),up,0
(200, 260),up,31.9226853847
(200, 320),up,28.8627700514
(100, 20),rt,0
(140, 340),dw,-0.0458762601153
(180, 140),up,-0.192114267563
(280, 320),dw,-0.0246902155643
(160, 340),dw,-0.037378375
(260, 0),up,0
(120, 180),dw,-0.286269754302
(80, 40),dw,-0.979890867739
(260, 20),lt,0
(360, 60),dw,-5.00996253125
(340, 0),up,0
(20, 240),lt,0
(180, 280),dw,4.0611085731
(400, 100),rt,0
(120, 20),lt,0
(100, 340),lt,-0.0488989300851
(400, 400),rt,0
(160, 100),rt,-0.00678196021888
(100, 100),lt,-0.551058101877
(60, 220),dw,-0.214560892045
(340, 20),lt,0
(280, 240),up,-0.0518536331807
(100, 60),up,-0.891700231416
(200, 240),dw,84.446340926
(140, 20),lt,0
(280, 280),dw,-0.0347072897159
(120, 260),lt,-0.102787624562
(120, 140),dw,-0.376685170027
(0, 200),rt,0
(260, 320),lt,-0.01946375
(60, 260),up,-0.131093920071
(100, 340),dw,-0.0469498951562
(120, 340),dw,-0.045854075504
(280, 240),lt,-0.0532120906249
(220, 380),up,-0.01022440625
(180, 60),lt,-0.256305102508
(160, 320),dw,-0.0267245360197
(260, 40),rt,-0.0293934915456
(340, 320),rt,-0.24725
(200, 300),lt,0
(60, 160),rt,-0.338375750898
(220, 280),dw,-0.01922684375
(200, 40),rt,-0.0344212497831
(320, 280),lt,-0.0312493069689
(380, 120),lt,0
(320, 160),rt,-0.0960561447359
(220, 140),lt,-0.124556706014
(200, 180),rt,0.211848732358
(120, 280),rt,-0.0689916367962
(180, 260),dw,6.64083995692
(120, 380),lt,-0.0104511016291
(380, 0),lt,0
(140, 300),lt,0.67310653671
(40, 220),lt,-5.0
(360, 120),rt,-5.0
(40, 80),lt,-34.1206486711
(340, 260),dw,-0.0249208798272
(400, 120),up,0
(160, 120),rt,-0.229572152112
(100, 260),lt,-0.138979759464
(320, 40),rt,-0.03716403125
(200, 260),lt,1.48046687008
(20, 320),dw,0
(0, 300),rt,0
(140, 320),dw,-0.0308655156426
(40, 120),lt,-5.0
(340, 60),rt,-0.24725
(340, 40),up,-5.0
(300, 380),lt,-0.0099875
(400, 160),up,0
(0, 340),dw,0
(140, 400),rt,0
(300, 360),dw,-0.24725
(160, 280),lt,-0.0217938561423
(300, 240),up,-0.0522605867429
(380, 0),up,0
(100, 400),dw,0
(160, 140),lt,-0.26281947902
(100, 300),up,-0.0475314709497
(80, 380),up,-0.0099875
(180, 80),lt,-0.265686801466
(180, 100),dw,1.62474849319
(260, 400),lt,0
(80, 100),rt,-0.601154630091
(340, 340),lt,-0.0149737842969
(280, 300),lt,0.0197802017561
(240, 180),dw,-0.0433470391445
(280, 120),lt,-0.117150307891
(120, 200),dw,-0.237824886679
(240, 280),lt,-0.0208565321928
(400, 380),rt,0
(300, 300),rt,-0.030829113
(60, 120),up,-0.540184461463
(140, 100),lt,-0.427966350992
(220, 40),up,-4.75524934384
(20, 120),rt,0
(320, 200),lt,-0.0673691088711
(260, 180),dw,-0.0824881304187
(380, 400),lt,0
(300, 100),up,-0.112788257942
(160, 0),dw,0
(80, 380),rt,-0.005
(320, 220),up,-0.0621766360304
(20, 20),dw,0
(240, 300),lt,13.3050689434
(120, 60),up,-1.4054865731
(140, 400),up,0
(60, 120),rt,-0.534336582968
(60, 80),up,-0.739383681639
(20, 20),rt,0
(100, 220),lt,-0.217111541349
(340, 60),up,-0.24725
(360, 80),rt,-5.0
(40, 280),dw,-0.0149771984259
(200, 180),dw,64.5640398724
(80, 240),rt,-0.201344068256
(360, 0),rt,0
(40, 100),up,-1.17890584105
(60, 340),rt,-0.0274343379246
(280, 300),up,-0.0251165418877
(260, 180),rt,-0.0802134253857
(180, 120),rt,-0.219841872169
(380, 100),rt,0
(180, 400),up,0
(200, 60),rt,-0.13573303125
(340, 200),lt,-0.0391908281221
(300, 300),dw,-0.0306907009253
(100, 0),rt,0
(380, 160),lt,0
(160, 140),up,-0.264823304613
(120, 200),rt,-0.230549475119
(120, 0),dw,0
(100, 220),dw,-0.215952084847
(160, 80),up,-0.37263174459
(180, 20),dw,0
(160, 280),up,-0.0269232517513
(140, 220),rt,0.166075558036
(320, 0),lt,0
(200, 380),rt,-0.0052375
(220, 0),lt,0
(40, 120),up,-0.281903166068
(220, 80),dw,-0.166015625393
(280, 400),rt,0
(380, 320),up,0
(100, 280),lt,-0.100035093772
(100, 260),up,-0.138283701255
(300, 20),up,0
(400, 120),lt,0
(120, 220),up,-0.186018676941
(0, 20),lt,0
(180, 260),up,-0.0312370858064
(100, 100),up,-0.551470254243
(300, 120),lt,-0.106161956547
(240, 200),dw,-0.0681204401465
(20, 400),rt,0
(80, 80),dw,-0.665256266304
(240, 380),dw,-5.0
(60, 240),up,-0.178202320667
(140, 0),lt,0
(360, 60),rt,-5.0
(340, 220),rt,-0.2517625
(140, 300),dw,-0.0253523582282
(120, 180),rt,-0.285429633959
(260, 100),up,-0.135613885582
(160, 80),lt,-0.357223336238
(160, 340),rt,-0.0286617671259
(380, 280),lt,0
(160, 160),rt,1.41532552143
(240, 260),up,-0.0315071517703
(160, 20),dw,0
(140, 280),lt,-0.0482055030457
(400, 0),up,0
(380, 0),dw,0
(140, 200),rt,-0.021064845057
(80, 180),dw,-0.342350424634
(340, 140),up,-0.0482539099314
(160, 360),lt,-0.0206958086777
(160, 180),dw,-0.195166937363
(40, 340),lt,-5.0
(160, 400),up,0
(360, 160),lt,-0.0151886891049
(40, 320),dw,-0.0112800492188
(80, 140),rt,-0.308574933921
(200, 120),up,9.63322801957
(240, 240),rt,-0.036609100037
(20, 260),lt,0
(100, 180),dw,-0.324830853468
(340, 0),rt,0
(140, 60),up,-0.402029560623
(60, 260),lt,-0.2425
(160, 380),up,-0.0099875
(120, 300),rt,41.3564247403
(20, 60),up,0
(280, 240),dw,-0.0526836038129
(120, 160),rt,0.0562309493197
(120, 260),up,-0.103538167591
(140, 20),up,0
(240, 80),rt,-0.147579917044
(60, 20),dw,0
(400, 100),lt,0
(140, 260),rt,-0.0847912310867
(340, 20),up,0
(100, 340),rt,-0.0489176518489
(260, 300),lt,1.42246855256
(180, 0),up,0
(60, 400),rt,0
(400, 400),lt,0
(120, 60),lt,-0.475368686776
(0, 220),up,0
(80, 320),up,-0.0623189125808
(0, 80),rt,0
(400, 180),rt,0
(40, 320),lt,-5.0
(360, 160),dw,-0.015176875
(60, 300),rt,0.459633854705
(180, 220),lt,-0.0748718307722
(320, 220),lt,-0.0606800602822
(300, 320),dw,-0.0256834697656
(400, 380),up,0
(200, 220),rt,-0.0621788651674
(260, 80),lt,-0.138412031214
(60, 220),lt,-0.230037651307
(140, 80),up,-0.447309912999
(260, 0),rt,0
(20, 20),lt,0
(300, 100),lt,-0.115631924066
(220, 200),up,0.071605280483
(180, 140),rt,1.0066565065
(160, 340),up,-0.029821184081
(120, 260),rt,-0.101882905827
(40, 400),up,0
(220, 360),lt,-0.0099875
(20, 360),lt,0
(60, 380),up,-0.00999878125
(340, 380),lt,-0.0099875
(360, 240),dw,-0.01496253125
(60, 40),dw,-1.9084550832
(260, 160),dw,-0.0943868400505
(180, 60),rt,-0.233046926888
(240, 200),lt,-0.0676403805751
(340, 40),dw,-0.0159998208785
(260, 400),up,0
(200, 20),dw,0
(320, 320),lt,-0.0293748724418
(220, 340),rt,-0.0052375
(100, 320),rt,-0.0525618831689
(180, 20),up,0
(280, 320),rt,-0.0256391446168
(240, 160),lt,-0.100410476145
(40, 180),up,-0.0580770425109
(0, 40),dw,0
(340, 260),up,-0.0256542890646
(220, 120),dw,-0.138562922479
(80, 300),lt,-0.0650648610547
(160, 200),lt,-0.165670582853
(20, 280),up,0
(20, 320),lt,0
(180, 20),lt,0
(0, 260),up,0
(60, 180),lt,-0.472875
(20, 140),up,0
(300, 160),lt,-0.0965302318123
(40, 220),dw,-0.034206305501
(360, 340),up,-0.01496253125
(60, 100),rt,-0.604872343745
(200, 400),lt,0
(20, 0),dw,0
(160, 40),up,-9.75072240331
(200, 340),lt,-0.00524878125
(100, 160),dw,-0.372232593813
(20, 360),up,0
(320, 360),lt,-0.01022440625
(400, 100),up,0
(300, 60),dw,-0.0861120699847
(240, 40),rt,-0.0344690706692
(40, 280),lt,-5.0
(240, 220),up,-0.0427561886337
(320, 300),dw,-0.030645958433
(260, 20),up,0
(40, 160),up,-0.0631747084186
(240, 0),lt,0
(260, 80),up,-0.137422059097
(380, 240),up,0
(300, 40),lt,-0.0258629391962
(220, 140),up,-0.121762781173
(260, 160),rt,-0.1024130906
(40, 320),up,-0.00975
(260, 340),rt,-0.01496253125
(0, 220),lt,0
(200, 300),up,0
(60, 40),rt,-14.8394314847
(380, 340),lt,0
(40, 300),lt,-5.0
(260, 180),up,-0.0806816871226
(220, 180),dw,2.26031782406
(260, 360),lt,-0.0099875
(260, 300),up,-0.015458741391
(280, 120),rt,-0.116860978389
(120, 240),dw,-0.130288881125
(240, 20),lt,0
(200, 200),lt,-0.0583068574261
(320, 60),lt,-0.087943712244
(240, 140),lt,-0.120757153006
(120, 260),dw,-0.019906017012
(100, 380),rt,-0.01022440625
(240, 260),dw,-0.0344293978801
(160, 0),lt,0
(260, 320),up,-0.0199599183605
(320, 220),dw,-0.0615527051093
(320, 180),up,-0.0844082000714
(160, 380),lt,-0.00999931710938
(140, 60),lt,-0.403423783807
(280, 260),rt,-0.040296745898
(100, 60),lt,-0.550170793633
(380, 240),dw,0
(320, 320),dw,-0.0346751416917
(160, 400),lt,0
(260, 360),rt,-0.0151988452344
(80, 0),up,0
(260, 280),dw,-0.0248543869986
(60, 140),up,-0.451764069779
(40, 240),rt,-0.032834159328
(220, 40),rt,-0.035329954011
(280, 60),dw,-0.0819796052449
(240, 400),lt,0
(0, 400),dw,0
(80, 140),dw,-0.46901667153
(160, 280),dw,-0.0199363118372
(100, 400),up,0
(280, 40),rt,-0.0246344982461
(0, 20),up,0
(120, 0),up,0
(300, 20),lt,0
(120, 360),dw,-0.24725
(320, 140),lt,-0.101191260539
(120, 320),rt,-0.0432125258543
(40, 120),dw,-0.314492605171
(160, 20),rt,0
(40, 180),dw,-0.0541177026609
(80, 400),rt,0
(140, 0),dw,0
(380, 40),up,0
(280, 340),up,-0.0209075307286
(320, 260),dw,-0.03961483788
(80, 340),lt,-0.0612824976562
(80, 260),rt,-0.156138749357
(320, 240),dw,-0.0482496912536
(220, 160),up,-0.107277505526
(380, 140),rt,0
(160, 240),dw,-0.0887004218319
(400, 20),up,0
(220, 80),rt,-0.16580330474
(80, 220),dw,-0.239946666935
(300, 0),up,0
(180, 380),up,-0.0099875
(200, 380),dw,-5.0
(400, 120),rt,0
(320, 180),rt,-0.0879475327303
(120, 360),up,-0.0267808000833
(200, 80),lt,2.22553295425
(400, 60),rt,0
(220, 380),rt,-0.005
(160, 320),lt,-0.0254700934429
(300, 80),lt,-0.117085652422
(180, 340),up,-0.0151875921875
(180, 0),dw,0
(20, 140),rt,0
(80, 160),dw,-0.396942193228
(20, 200),rt,0
(300, 280),lt,-0.0345420076231
(100, 0),dw,0
(360, 260),rt,-5.0
(200, 60),dw,41.8165400159
(380, 380),rt,0
(140, 20),dw,0
(20, 280),rt,0
(360, 280),up,-0.01496253125
(340, 300),rt,-0.24725
(140, 380),dw,-5.0
(400, 280),up,0
(300, 260),dw,-0.0385243106499
(160, 380),dw,-5.0
(320, 400),rt,0
(120, 240),up,-0.141928954446
(260, 20),rt,0
(200, 100),lt,2.07732760525
(60, 360),rt,-0.0159190322491
(100, 320),up,-0.051021571326
(180, 320),lt,-0.0163590682807
(220, 160),lt,-0.10789644889
(240, 340),up,-0.01496253125
(100, 200),rt,-0.276158735962
(360, 120),lt,-0.0157066224279
(340, 240),up,-0.0309671751913
(160, 120),lt,-0.311705656501
(60, 140),dw,-0.578919292823
(240, 360),rt,-0.0099875
(80, 80),lt,-0.690918872307
(260, 120),rt,-0.124417881546
(300, 40),dw,-0.0214006410872
(260, 300),rt,-0.0154142071172
(400, 220),dw,0
(320, 0),up,0
(300, 220),dw,-0.061990908049
(140, 340),lt,-0.032290250941
(300, 200),up,-0.0684806293405
(300, 140),up,-0.10198285676
(220, 140),rt,-0.126067397303
(40, 200),lt,-5.0
(300, 20),dw,0
(100, 160),lt,-0.372674835983
(240, 400),up,0
(380, 20),up,0
(20, 300),lt,0
(400, 60),up,0
(160, 300),lt,0.0171317865803
(0, 240),rt,0
(0, 260),dw,0
(400, 160),lt,0
(60, 140),lt,-0.451187276241
(60, 400),up,0
(300, 160),dw,-0.0966536692703
(340, 380),rt,-0.00999878125
(220, 320),lt,-0.005
(40, 80),rt,-0.774465634597
(80, 0),lt,0
(340, 120),rt,-0.240608910629
(240, 80),up,-0.155938362944
(140, 20),rt,0
(20, 100),lt,0
(380, 20),lt,0
(280, 380),lt,-0.005
(0, 40),up,0
(40, 340),up,-0.014725625
(20, 160),lt,0
(80, 160),rt,-0.395024746096
(300, 300),lt,-0.0300314000503
(0, 100),lt,0
(400, 40),dw,0
(220, 120),lt,-0.13954010148
(360, 360),dw,-0.24725
(260, 280),rt,-0.0256051822
(280, 100),lt,-0.128715128346
(240, 160),rt,-0.0987380406277
(0, 340),rt,0
(320, 280),rt,-0.0461552157031
(140, 200),up,-0.200254492531
(240, 20),up,0
(140, 140),up,-0.331281603607
(20, 220),lt,0
(20, 180),dw,0
(0, 300),dw,0
(40, 400),dw,0
(0, 120),rt,0
(360, 180),lt,-0.0106750921875
(160, 240),rt,-0.0893130832384
(300, 380),rt,-0.0099875
(180, 300),rt,98.4296150255
(380, 140),dw,0
(260, 400),rt,0
(180, 60),up,-0.456846635961
(140, 140),lt,-0.324817675986
(240, 280),rt,-0.0210910296755
(20, 40),up,0
(120, 220),rt,-0.0273603264074
(200, 340),rt,-0.00524878125
(300, 320),lt,-0.0298110672646
(100, 260),rt,-0.138652458678
(240, 140),up,-0.12141528609
(320, 260),lt,-0.0364705861739
(200, 100),dw,48.1506003636
(360, 0),lt,0
(380, 60),up,0
(80, 400),dw,0
(340, 120),up,-0.0599136233091
(200, 300),dw,0
(380, 100),lt,0
(0, 100),up,0
(100, 0),lt,0
(120, 20),up,0
(340, 100),dw,-0.0641171587577
(160, 280),rt,1.06806606489
(0, 160),lt,0
(20, 380),dw,0
(260, 320),dw,-0.0159592296875
(0, 400),rt,0
(360, 220),rt,-5.0
(80, 20),up,0
(120, 340),rt,-0.0422936725329
(60, 320),dw,-0.035359116776
(320, 0),dw,0
(160, 200),up,-0.157605117991
(280, 80),rt,-0.127184783859
(0, 60),up,0
(80, 160),up,-0.396456204807
(280, 20),rt,0
(160, 40),dw,-0.114166235395
(260, 140),dw,-0.114314556087
(80, 20),lt,0
(240, 220),lt,0.213791871667
(40, 200),up,-0.0566570735738
(140, 60),rt,-0.400706567892
(140, 340),up,-0.0359478668218
(0, 60),dw,0
(0, 240),up,0
(200, 0),rt,0
(280, 140),rt,-0.105931623366
(340, 380),up,-0.0099875
(160, 340),lt,-0.0304875232164
(0, 20),dw,0
(120, 240),rt,-0.145629264223
(140, 80),lt,-0.447896449849
(240, 320),lt,-0.0099875
(320, 380),rt,-0.0099875
(260, 340),dw,-0.0262325
(300, 220),up,-0.0621941970384
(360, 260),up,-0.0102356592969
(280, 340),dw,-0.0207546352344
(340, 200),rt,-0.24725
(360, 400),dw,0
(360, 140),rt,-5.0
(140, 120),dw,-0.380314816866
(100, 220),rt,-0.196547184325
(320, 60),dw,-0.0850087543013
(320, 140),rt,-0.10156747742
(280, 60),lt,-0.0862372947327
(240, 240),lt,-0.0351630862341
(100, 280),rt,-0.0992473821852
(240, 40),dw,-0.0350956723792
(60, 0),lt,0
(60, 360),up,-0.0104505671094
(100, 20),lt,0
(300, 280),dw,-0.0350623273019
(320, 80),dw,-0.104033571577
(80, 340),rt,-0.0538618608258
(220, 60),dw,-0.125680734635
(120, 120),lt,-0.451473119748
(280, 220),rt,-0.0619041149735
(160, 320),up,-0.0274739287703
(20, 260),up,0
(400, 200),rt,0
(40, 380),rt,-0.005
(160, 80),rt,-0.35032606845
(60, 260),dw,-0.12790774966
(140, 280),rt,0.0620878649532
(340, 140),lt,-0.0483855754868
(280, 280),up,-0.0311872793217
(200, 60),up,-0.241321204903
(400, 0),lt,0
(220, 300),dw,-0.005
(200, 160),rt,0.0200695634998
(340, 320),up,-0.0204281329945
(240, 140),dw,-0.121098736386
(80, 360),lt,-0.02172
(160, 260),up,-0.0656885403629
(280, 340),rt,-0.0204818170358
(20, 260),rt,0
(80, 400),up,0
(320, 80),up,-0.105026140508
(100, 120),lt,-0.497814297076
(80, 200),up,-0.293556780435
(0, 20),rt,0
(0, 140),dw,0
(0, 200),lt,0
(240, 380),up,-0.0099875
(100, 280),up,-0.104118069799
(280, 140),dw,-0.106718659371
(0, 380),lt,0
(340, 380),dw,-5.0
(380, 300),up,0
(340, 320),lt,-0.0203746560119
(180, 220),rt,0.19238452767
(120, 20),rt,0
(60, 160),lt,-0.696502570149
(400, 200),up,0
(180, 140),dw,1.02754108722
(380, 40),lt,0
(320, 160),up,-0.0897223106989
(220, 100),rt,-0.152800247027
(280, 220),up,-0.0577160794678
(100, 100),rt,-0.550312876139
(180, 380),dw,-5.0
(220, 300),rt,0
(380, 60),dw,0
(60, 300),dw,-0.0480478024611
(280, 380),dw,-5.0
(0, 80),dw,0
(400, 260),up,0
(60, 260),rt,-0.130800228121
(80, 300),dw,-0.0614107815348
(120, 400),up,0
(240, 80),dw,-0.151811208981
(260, 220),rt,-0.0519558402711
(240, 220),dw,-0.0392332982738
(180, 160),rt,0.578432791733
(380, 220),rt,0
(40, 200),rt,-0.0577696335158
(140, 240),up,-0.119529368221
(400, 300),rt,0
(340, 60),lt,-0.0419836208983
(40, 320),rt,-0.0113453795636
(400, 160),rt,0
(380, 120),rt,0
(140, 400),lt,0
(160, 200),rt,1.00009143012
(40, 360),lt,-5.0
(280, 260),up,-0.042557047129
(260, 60),lt,-0.0952859070623
(380, 180),dw,0
(300, 280),up,-0.0310988680332
(180, 360),dw,-0.24725
(60, 120),dw,-0.534410248073
(0, 180),lt,0
(120, 380),dw,-5.0
(100, 380),lt,-0.0100100342969
(300, 40),up,-5.0
(40, 160),lt,-9.75071072023
(200, 400),rt,0
(120, 40),rt,-5.03372637784
(280, 0),dw,0
(280, 100),rt,-0.124330166668
(240, 200),rt,-0.0691724789858
(280, 20),up,0
(400, 380),lt,0
(140, 100),up,-0.42441309021
(280, 80),up,-0.124076481019
(400, 260),dw,0
(80, 100),up,-0.61306652761
(220, 280),lt,0.350547227644
(120, 60),dw,-0.476639150734
(340, 180),rt,-0.2517625
(120, 280),up,-0.0728896337169
(240, 0),rt,0
(400, 40),lt,0
(80, 20),dw,0
(320, 120),rt,-0.107954379739
(200, 180),up,11.3066533739
(100, 180),up,-0.325650947533
(120, 200),lt,-0.237531756475
(220, 20),dw,0
(260, 140),rt,-0.111621894884
(360, 400),lt,0
(160, 260),dw,-0.0622384196454
(100, 300),lt,0.0202760416582
(60, 200),up,-0.258995582545
(140, 220),dw,-0.147984613723
(360, 340),rt,-5.0
(340, 120),dw,-0.060684339744
(60, 20),up,0
(160, 180),lt,-0.191261715333
(340, 340),rt,-0.2517625
(280, 40),lt,-0.0258546027207
(0, 260),rt,0
(240, 160),up,-0.100301662566
(280, 400),lt,0
(340, 200),dw,-0.0395574140453
(60, 60),up,-2.75710237123
(380, 400),up,0
(360, 80),lt,-0.0102351234375
(320, 380),dw,-5.0
(240, 60),rt,-0.105638232786
(380, 100),dw,0
(380, 280),dw,0
(240, 200),up,-0.0683522550336
(80, 240),dw,-0.200458722633
(80, 60),dw,-0.767373160452
(60, 200),rt,-0.259289457828
(180, 200),rt,6.73768947755
(260, 240),lt,-0.0437208214315
(20, 240),dw,0
(100, 260),dw,-0.135674713085
(300, 40),rt,-0.0248271664844
(260, 120),dw,-0.123492889477
(120, 180),lt,-0.288652606297
(0, 340),up,0
(100, 140),lt,-0.437153567346
(180, 300),dw,3.36884022766
(340, 400),dw,0
(80, 120),lt,-0.543479705873
(300, 340),up,-0.0251217947888
(100, 300),dw,-0.0537047748187
(360, 380),dw,-5.0
(40, 400),rt,0
(80, 320),lt,-0.0612824976562
(80, 140),lt,-0.470882795113
(60, 360),dw,-0.24725
(160, 0),rt,0
(320, 280),dw,-0.0346412095997
(160, 380),rt,-0.005
(140, 120),up,-0.382015545977
(60, 300),up,-0.0470347147138
(360, 260),dw,-0.01496253125
(220, 20),rt,0
(20, 200),dw,0
(360, 380),up,-0.0099875
(380, 360),rt,0
(180, 0),rt,0
(300, 140),rt,-0.105311295736
(180, 320),up,-0.0181696369054
(360, 160),up,-0.0154468370681
(160, 160),up,-0.225960672372
(120, 160),up,-0.328721629971
(340, 20),dw,0
(280, 180),rt,-0.0826436565255
(160, 100),lt,-0.346295206359
(240, 360),up,-0.0196893467969
(380, 180),lt,0
(220, 200),dw,1.6259055399
(380, 260),rt,0
(80, 220),rt,-0.240276473317
(240, 260),lt,-0.0338498760723
(0, 240),dw,0
(340, 160),lt,-0.0473339779975
(220, 220),dw,0.115441535222
(300, 20),rt,0
(340, 60),dw,-0.0419098509957
(300, 80),rt,-0.115994458716
(400, 140),dw,0
(340, 0),lt,0
(0, 220),dw,0
(240, 360),lt,-0.0099875
(120, 160),lt,-0.328778615705
(220, 300),up,-0.005
(20, 180),rt,0
(340, 80),up,-0.070254419375
(220, 180),up,-0.0856400741531
(80, 40),lt,-8.49424534436
(180, 40),up,-5.0
(140, 360),rt,-0.0244257810195
(180, 200),dw,0.0200633629006
(0, 140),up,0
(60, 200),dw,-0.257201767685
(400, 60),dw,0
(280, 0),up,0
(320, 0),rt,0
(380, 280),rt,0
(40, 60),dw,-11.2079412394
(200, 40),lt,-0.247723837391
(240, 60),dw,-0.110163772782
(280, 160),up,-0.0953971354477
(140, 180),lt,-0.241709009726
(220, 160),rt,-0.103519554046
(320, 180),dw,-0.0788337428768
(180, 180),up,0.000947155079709
(220, 240),rt,-0.0301174748708
(120, 360),rt,-0.0291193987385
(140, 40),up,-9.75109780148
(180, 80),dw,1.22043035385
(400, 360),dw,0
(300, 0),rt,0
(360, 340),dw,-0.0262325
(160, 320),rt,-0.0282298453125
(220, 80),up,-0.165476916441
(60, 100),lt,-0.688813076814
(100, 140),up,-0.427556853952
(140, 240),dw,-0.115352233359
(20, 140),dw,0
(40, 100),lt,-5.0
(0, 200),dw,0
(0, 340),lt,0
(180, 180),rt,-0.125204424297
(260, 380),lt,-0.005
(280, 280),rt,-0.0309820984841
(120, 400),dw,0
(340, 360),lt,-0.0099875
(200, 240),rt,0.820225211545
(220, 340),lt,-0.0102249421094
(280, 260),dw,-0.04404117889
(140, 160),up,-0.277947412493
(160, 300),rt,82.3873616917
(60, 80),lt,-1.47562730422
(200, 260),dw,91.7591781586
(0, 120),lt,0
(40, 380),up,-0.00975
(320, 220),rt,-0.0610001279687
(60, 140),rt,-0.454515087799
(340, 200),up,-0.0357037277496
(260, 160),lt,-0.0954934876992
(220, 260),rt,-0.0362233605722
(80, 280),dw,-0.110865099954
(60, 220),rt,-0.218783454039
(220, 320),rt,-0.00524931710938
(400, 340),up,0
(340, 80),rt,-0.24725
(220, 400),rt,0
(20, 120),up,0
(360, 200),rt,-5.0
(40, 20),up,0
(180, 360),rt,-0.014725625
(380, 300),dw,0
(120, 120),dw,-0.445712769518
(380, 120),dw,0
(20, 80),rt,0
(380, 260),up,0
(120, 320),dw,-0.0412823188271
(380, 360),dw,0
(20, 220),rt,0
(80, 200),dw,-0.290046711213
(360, 240),rt,-5.0
(40, 160),rt,-4.55263857681
(60, 320),up,-0.0364541970451
(120, 340),lt,-0.0458535009153
(180, 160),dw,0.809306919918
(360, 180),rt,-5.0
(200, 240),up,37.8993370447
(80, 320),dw,-0.0586048726621
(80, 380),lt,-0.00547440625
(80, 300),rt,5.64249814362
(200, 360),lt,-0.00999878125
(280, 20),lt,0
(40, 240),dw,-0.0240308110521
(0, 280),rt,0
(240, 320),dw,-0.01022440625
(300, 240),lt,-0.0535167139375
(100, 380),up,-0.0155035065705
(140, 380),up,-0.0099875
(320, 320),rt,-0.0262325
(400, 140),up,0
(220, 120),rt,-0.136601905226
(400, 340),lt,0
(180, 40),dw,-5.0049875
(0, 0),dw,0
(40, 20),lt,0
(40, 140),up,-0.112789604854
(160, 20),lt,0
(100, 320),dw,-0.0497533378283
(200, 0),lt,0
(320, 120),lt,-0.100298177881
(200, 20),rt,0
(400, 240),lt,0
(340, 40),rt,-0.240373720472
(400, 180),lt,0
(320, 260),rt,-0.0460592095583
(340, 360),up,-0.0151993810233
(0, 320),dw,0
(300, 180),up,-0.0840625023692
(60, 280),dw,-0.0867832453662
(220, 180),rt,-0.0809562160245
(300, 380),up,-0.0099875
(400, 20),dw,0
(40, 40),lt,-41.8767543315
(40, 300),rt,-0.0102361950256
(60, 100),up,-0.601994520479
(140, 220),lt,-0.149575546488
(220, 80),lt,-0.163346770432
(200, 360),dw,-0.24725
(260, 0),dw,0
(20, 40),lt,0
(200, 220),dw,74.3906172655
(140, 40),lt,-5.02109612347
(220, 380),lt,-0.0052375
(80, 220),up,-0.245817556331
(0, 0),rt,0
(120, 320),lt,-0.0425638965838
(240, 120),dw,-0.137159225363
(280, 220),lt,-0.0619261705455
(60, 400),dw,0
(160, 240),up,-0.0900592706275
(80, 20),rt,0
(360, 320),lt,-0.010213125
(40, 380),dw,-5.0
(120, 100),dw,-0.491753766632
(280, 0),lt,0
(340, 300),lt,-0.0258302119189
(240, 320),rt,-0.0104827186719
(80, 260),dw,-0.156570419301
(120, 300),dw,-0.0439269350458
(80, 120),rt,-0.538086433181
(40, 0),rt,0
(340, 220),lt,-0.0385047136517
(300, 360),rt,-0.0155091078125
(380, 140),lt,0
(0, 200),up,0
(380, 200),up,0
(360, 20),dw,0
(80, 280),lt,-0.11127437311
(140, 120),rt,-0.310361330729
(100, 200),lt,-0.274244966183
(100, 340),up,-0.0505998534688
(60, 380),rt,-0.005
(20, 220),dw,0
(80, 180),rt,-0.344232317305
(360, 20),lt,0
(20, 340),lt,0
(0, 40),rt,0
(340, 160),up,-0.0448424458249
(200, 140),rt,-0.122674059367
(220, 340),dw,-0.021494375
(400, 60),lt,0
(120, 120),rt,-0.446780024978
(120, 300),lt,-0.0314940167006
(240, 380),rt,-0.005
(200, 320),lt,0
(60, 60),dw,-1.69994749418
(20, 200),lt,0
(320, 120),dw,-0.104897521963
(0, 360),lt,0
(80, 0),dw,0
(400, 180),up,0
(340, 240),dw,-0.0298182918354
(400, 0),rt,0
(180, 200),up,-0.102575108467
(0, 80),lt,0
(220, 260),dw,-0.0293000382734
(60, 300),lt,-0.2425
(340, 160),rt,-0.24725
(400, 300),up,0
(60, 360),lt,-0.24725
(360, 60),up,-0.24725
(200, 220),lt,1.66050889027
(300, 400),dw,0
(240, 60),up,-0.23575715272
(360, 100),lt,-0.0166803700407
(0, 0),up,0
(200, 120),rt,-0.144484665029
(240, 100),lt,-0.145643624243
(120, 400),rt,0
(360, 220),dw,-0.01496253125
(0, 360),dw,0
(380, 80),lt,0
(360, 100),up,-0.01496253125
(240, 320),up,-0.01496253125
(60, 20),rt,0
(380, 220),lt,0
(300, 360),lt,-0.01496253125
(260, 240),dw,-0.0442008051698
(120, 160),dw,-0.325922722602
(180, 120),dw,1.48421970373
(400, 360),rt,0
(120, 180),up,-0.290135131653
(100, 180),rt,-0.326015415275
(40, 300),up,-0.0099875
(60, 240),rt,-0.177671076007
(140, 320),lt,-0.0325552512938
(20, 200),up,0
(200, 100),rt,-0.173866507027
(400, 340),dw,0
(0, 240),lt,0
(380, 380),dw,0
(120, 220),dw,-0.180014572147
(280, 360),lt,-0.01496253125
(160, 160),dw,-0.228085994921
(40, 140),rt,-0.103539545564
(260, 140),up,-0.112050446292
(140, 160),dw,-0.278662413248
(120, 40),lt,-0.351482624382
(340, 220),dw,-0.0343206573652
(40, 0),dw,0
(20, 340),up,0
(380, 60),rt,0
(80, 160),lt,-0.412943683827
(80, 80),rt,-0.665170659086
(340, 360),rt,-0.24725
(340, 180),lt,-0.0458625189627
(400, 180),dw,0
(260, 280),lt,-0.0244038375781
(0, 280),up,0
(40, 260),lt,-5.0
(100, 240),dw,-0.175935529238
(240, 120),lt,-0.133441694445
(200, 80),dw,45.7903245752
(100, 360),dw,-0.2517625
(100, 240),lt,-0.179888557584
(40, 360),rt,-0.005
(180, 400),rt,0
(320, 100),lt,-0.105719215623
(200, 280),dw,98.5864676755
(360, 300),rt,-5.0
(400, 380),dw,0
(20, 300),rt,0
(220, 280),up,-0.0154592968052
(240, 180),rt,-0.083910378744
(240, 300),up,-0.0099875
(280, 80),lt,-0.128258739489
(20, 40),dw,0
(360, 0),up,0
(160, 240),lt,-0.0849970031993
(300, 340),dw,-0.03039528125
(260, 340),lt,-0.0149630671094
(100, 140),dw,-0.427625008665
(40, 60),up,-13.7168097527
(400, 140),rt,0
(120, 0),rt,0
(260, 360),up,-0.01496253125
(100, 400),rt,0
(20, 380),up,0
(20, 180),up,0
(140, 400),dw,0
(220, 400),up,0
(40, 240),up,-0.025436089853
(280, 200),lt,-0.0697854956797
(280, 260),lt,-0.0439673130417
(220, 260),up,-0.0313414677026
(360, 80),dw,-0.0152106044806
(180, 280),lt,-0.0104944792333
(300, 180),lt,-0.0852050727472
(320, 400),dw,0
(100, 300),rt,18.0185859637
(140, 240),lt,-0.119808992539
(140, 160),rt,0.701444335561
(400, 240),up,0
(320, 80),rt,-0.107938435563
(300, 240),rt,-0.0517849190931
(320, 40),up,-0.2425
(200, 0),up,0
(20, 160),up,0
(40, 240),lt,-5.0
(360, 140),lt,-0.0156398799923
(400, 340),rt,0
(220, 320),up,-0.0099875
(300, 400),lt,0
(360, 400),rt,0
(20, 380),lt,0
(0, 300),up,0
(400, 260),rt,0
(340, 100),lt,-0.0643677671688
(60, 240),dw,-0.172070010058
(320, 20),lt,0
(320, 340),rt,-0.02644684375
(220, 280),rt,-0.0161313260814
(40, 60),lt,-38.2325976701
(220, 60),up,-0.24036190625
(160, 300),up,0.0194180612399
(20, 300),up,0
(260, 240),rt,-0.0479937377152
(20, 280),dw,0
(400, 40),rt,0
(100, 80),lt,-0.605165665189
(400, 200),lt,0
(0, 60),rt,0
(280, 140),lt,-0.110526573469
(300, 200),lt,-0.0704243026457
(300, 260),up,-0.0426714402721
(380, 300),lt,0
(260, 200),up,-0.0696100219732
(400, 220),rt,0
(200, 200),dw,72.2462913233
(120, 140),rt,0.700820564407
(100, 140),rt,0.140583772183
(320, 100),up,-0.106089033844
(120, 100),up,-0.492145182214
(80, 80),up,-0.705490999894
(320, 40),dw,-0.0302380531122
(320, 320),up,-0.0303763919908
(380, 260),lt,0
(140, 360),up,-0.0261714826925
(200, 160),lt,0.371733394506
(100, 120),up,-0.495380421737
(40, 0),up,0
(200, 280),rt,0.808980637798
(400, 80),lt,0
(40, 360),dw,-0.2425
(360, 40),rt,-5.0
(160, 100),dw,-0.34057374249
(360, 320),dw,-0.01022440625
(100, 40),lt,-5.25075188632
(20, 180),lt,0
(280, 0),rt,0
(320, 300),lt,-0.0350271079161
(360, 280),lt,-0.0151896794267
(60, 280),up,-0.0851565948432
(40, 0),lt,0
(40, 380),lt,-5.0
(340, 260),rt,-0.24725
(280, 360),dw,-0.021494375
(100, 80),dw,-0.597851737098
(20, 100),dw,0
(40, 180),rt,-0.0603121798301
(220, 100),lt,0.492106453574
(380, 180),rt,0
(180, 340),lt,-0.0161257255687
(280, 140),up,-0.108050244918
(320, 400),lt,0
(160, 200),dw,-0.15307008949
(360, 20),rt,0
(220, 240),lt,3.22534773967
(120, 360),lt,-0.0297446191887
(180, 240),up,-0.0453702516213
(320, 160),dw,-0.0893654277957
(280, 60),rt,-0.0857260641669
(160, 220),lt,-0.114106554354
(180, 300),up,0.393346551887
(300, 0),lt,0
(200, 40),dw,12.3290312591
(260, 260),lt,-0.0389184102894
(300, 400),up,0
(400, 20),lt,0
(260, 220),dw,-0.0515743025351
(300, 220),lt,-0.0640009999761
(260, 220),lt,-0.0430019284477
(180, 180),lt,-0.143630082312
(80, 180),up,-0.342953350379
(260, 120),lt,-0.128158701899
(0, 360),rt,0
(400, 300),lt,0
(340, 320),dw,-0.01573416875
(380, 200),rt,0
(80, 100),dw,-0.600620351271
(360, 220),lt,-0.016254487805
(180, 240),rt,-0.0401564830745
(200, 120),dw,51.4096766771
(340, 140),rt,-0.251998842187
(360, 360),rt,-5.0
(300, 100),dw,-0.111624514804
(180, 40),lt,-0.0919442530331
(220, 100),dw,-0.151937605433
(240, 260),rt,-0.0307930905737
(100, 220),up,-0.220656823291
(260, 100),rt,-0.135159633488
(400, 0),dw,0
(20, 60),rt,0
(80, 360),up,-0.0280562868874
(60, 280),rt,-0.0860568438499
(160, 60),lt,-0.332403088877
(60, 60),rt,-0.944967805112
(400, 320),rt,0
(20, 400),up,0
(320, 240),up,-0.0491057331776
(60, 320),lt,-0.2425
(260, 280),up,-0.0258841188607
(20, 80),lt,0
(100, 200),up,-0.278509775769
(340, 280),dw,-0.0249377065973
(80, 40),rt,-5.7773329962
(180, 160),lt,-0.192480247835
(380, 180),up,0
(220, 220),up,-0.0391734561355
(0, 380),rt,0
(320, 100),dw,-0.107437010209
(400, 80),dw,0
(380, 100),up,0
(200, 280),up,20.5167709501
(20, 0),rt,0
(100, 20),dw,0
(60, 380),dw,-5.0
(240, 340),lt,-0.00999878125
(100, 240),up,-0.181201604467
(40, 220),rt,-0.0333398093674
(340, 180),up,-0.0408568474719
(200, 20),up,0
(320, 20),up,0
(160, 80),dw,-0.355464143278
(200, 200),up,20.91067422
(400, 200),dw,0
(380, 60),lt,0
(320, 240),lt,-0.0522139489757
(380, 160),up,0
(120, 40),up,-9.75322842712
(340, 400),rt,0
(300, 380),dw,-5.0
(180, 120),up,-0.133607905756
(220, 60),rt,-0.125545678782
(40, 40),dw,-10.8548791039
(40, 100),rt,-5.08039623793
(240, 120),rt,-0.135934959973
(260, 20),dw,0
(80, 240),up,-0.205846335585
(140, 220),up,-0.151329626473
(320, 100),rt,-0.104514755235
(20, 80),dw,0
(400, 100),dw,0
(60, 80),rt,-0.704172768341
(160, 140),rt,1.42304349872
(200, 360),rt,-0.01022440625
(0, 400),lt,0
(260, 240),up,-0.0436146055722
(40, 20),dw,0
(260, 60),rt,-0.0939484570238
(160, 40),lt,-0.268994359015
(220, 400),dw,0
(280, 300),rt,-0.0254346488234
(340, 80),dw,-0.0641933858139
(320, 400),up,0
(400, 240),dw,0
(0, 180),rt,0
(260, 220),up,-0.0509777357563
(0, 320),rt,0
(160, 20),up,0
(20, 100),up,0
(400, 160),dw,0
(0, 260),lt,0
(260, 260),up,-0.0364755482275
(340, 400),up,0
(280, 40),up,-5.0
(240, 100),up,-0.144242697784
(0, 0),lt,0
(160, 400),dw,0
(240, 60),lt,-0.108202096683
(180, 240),dw,6.80341144045
(180, 360),up,-0.0149737842969
(100, 160),up,-0.374578060037
(140, 240),rt,-0.117961682228
(300, 140),lt,-0.102351558146
(180, 200),lt,-0.0912053408177
(400, 280),rt,0
(20, 160),rt,0
(300, 0),dw,0
(300, 340),lt,-0.029391160591
(160, 220),dw,-0.110743747642
(40, 40),rt,-18.230741716
(0, 280),dw,0
(100, 120),dw,-0.495634987079
(280, 180),lt,-0.0878455814621
(340, 0),dw,0
(360, 300),up,-0.0151988452344
(20, 40),rt,0
(20, 380),rt,0
(380, 0),rt,0
(220, 160),dw,0.999687912663
(340, 100),rt,-0.24725
(380, 80),up,0
(160, 180),rt,-0.191914742526
(40, 400),lt,0
(100, 40),up,-18.6244959409
(260, 200),dw,-0.0663361630972
(80, 200),rt,-0.293180217548
(40, 60),rt,-1.03388036818
(320, 340),lt,-0.0299847581709
(140, 200),dw,-0.198883479997
(400, 80),up,0
(300, 60),lt,-0.0799516094495
(0, 180),up,0
(100, 80),rt,-0.596631237242
(80, 280),up,-0.111943801843
(140, 360),dw,-0.24725
(120, 80),dw,-0.525221109257
(200, 160),up,17.3339509693
(380, 300),rt,0
(140, 360),lt,-0.0210650274062
(260, 60),up,-0.234582352594
(240, 280),dw,-0.0241787766406
(260, 160),up,-0.0952058961491
(120, 100),lt,-0.493400670102
(20, 400),dw,0
(300, 80),dw,-0.120309828951
(280, 160),rt,-0.0981555900299
(380, 220),dw,0
(260, 200),lt,-0.0670183562757
(240, 0),dw,0
(220, 0),rt,0
(0, 120),dw,0
(80, 280),rt,-0.110984913069
(80, 60),up,-1.59267057936
(120, 20),dw,0
(200, 120),lt,-0.121189919714
(80, 220),lt,-0.239858685604
(280, 180),dw,-0.0791168276708
(140, 40),rt,-0.0933141452727
(400, 360),up,0
(180, 380),lt,-0.005
(260, 380),dw,-5.0
(260, 40),up,-5.0
(340, 100),up,-0.0621516131643
(240, 160),dw,-0.102466202312
(300, 200),dw,-0.0724706543042
(180, 180),dw,2.72684976105
(360, 140),up,-0.0152095356289
(360, 320),rt,-5.0
(300, 120),up,-0.104603657242
(40, 40),up,-46.7899960458
(400, 360),lt,0
(360, 380),lt,-0.0052375
(60, 240),lt,-0.23026896378
(320, 160),lt,-0.0917048178389
(200, 40),up,-14.2645642332
(340, 180),dw,-0.0441355711867
(80, 340),up,-0.0572644775684
(160, 360),rt,-0.019913871875
(40, 160),dw,-0.056803905697
(140, 180),dw,-0.241379408015
(180, 260),lt,-0.0340844929116
(180, 280),up,0.12333066767
(180, 100),up,-0.259125515676
(220, 260),lt,0.306142713267
(0, 380),up,0
(180, 340),dw,-0.0262325
(80, 40),up,-14.4391071991
(320, 140),up,-0.0967142468206
(340, 80),lt,-0.0639341873028
(280, 200),up,-0.0697366668566
(220, 300),lt,53.050878079
(220, 140),dw,-0.0540705048965
(220, 400),lt,0
(220, 20),up,0
(200, 320),dw,-0.005
(300, 240),dw,-0.052615909434
(300, 220),rt,-0.0656244744946
(360, 280),dw,-0.01496253125
(140, 380),lt,-0.0102351234375
(380, 360),up,0
(120, 80),lt,-0.524905204356
(240, 360),dw,-0.24725
(20, 240),rt,0
(160, 260),lt,-0.061883233118
(80, 380),dw,-5.0
(200, 140),up,4.99403769656
(260, 340),up,-0.0199256860947
(200, 320),rt,0
(80, 120),dw,-0.538302860928
(260, 80),rt,-0.135735083751
(360, 300),lt,-0.01496253125
(20, 120),dw,0
(220, 220),rt,-0.0255045379082
(360, 180),up,-0.0152106274523
(260, 360),dw,-0.24725
(380, 260),dw,0
(140, 180),rt,-0.240594628907
(240, 120),up,-0.134228985558
(340, 20),rt,0
(40, 260),up,-0.0151988452344
(20, 360),rt,0
(120, 120),up,-0.448352290215
(0, 280),lt,0
(340, 300),dw,-0.0206385305836
(400, 140),lt,0
(100, 20),up,0
(240, 400),dw,0
(300, 140),dw,-0.10596496649
(380, 80),rt,0
(320, 20),dw,0
(280, 60),up,-0.245537236094
(20, 120),lt,0
(360, 300),dw,-5.00996253125
(180, 400),dw,0
(220, 380),dw,-5.0
(320, 60),rt,-0.0958815604119
(100, 360),rt,-0.0257075593238
(380, 360),lt,0
(260, 380),rt,-0.005
(360, 360),up,-0.01496253125
(100, 240),rt,-0.175833319365
(340, 280),lt,-0.025279200298
(240, 340),rt,-0.01496253125
(340, 360),dw,-0.24725
(140, 320),rt,-0.0346725895955
(40, 280),up,-0.0151875921875
(20, 320),rt,0
(320, 200),up,-0.0697801422668
(160, 60),dw,-0.325622713281
(0, 100),dw,0
(260, 140),lt,-0.11647520069
(120, 380),rt,-0.0099875
(280, 160),dw,-0.0957466240044
(40, 140),dw,-5.06465824914
(400, 320),up,0
(360, 340),lt,-0.01045003125
(320, 240),rt,-0.0499044192906
(80, 120),up,-0.543025340928
(300, 180),dw,-0.0842928789807
(340, 400),lt,0
(360, 200),dw,-0.0154239061719
(180, 80),up,-0.27205432248
(140, 100),rt,-0.395894570042
(320, 200),rt,-0.0775463323203
(320, 340),up,-0.0299077378728
(40, 120),rt,-0.283994926677
(180, 120),lt,-0.22050432464
(340, 280),up,-0.0246986697756
(400, 300),dw,0
(40, 260),rt,-0.019247181611
(60, 160),dw,-0.317847664899
(280, 40),dw,-0.0305958784837
(0, 60),lt,0
(140, 180),up,-0.243189865448
(260, 40),dw,-0.035648058564
(380, 320),lt,0
(60, 200),lt,-0.460923689677
(340, 40),lt,-0.0159172575762
(120, 200),up,-0.240997868621
(100, 0),up,0
(0, 140),lt,0
(360, 200),up,-0.0149743454123
(220, 360),dw,-0.24725
(40, 80),up,-5.11006441127
(200, 280),lt,1.48760069261
(300, 400),rt,0
(60, 380),lt,-0.0099875
(120, 300),up,-0.0377240690935
(140, 300),up,-0.0337446856248
(180, 160),up,-0.163799837005
(340, 160),dw,-0.0486115288625
(200, 140),lt,0.142063759725
(20, 80),up,0
(220, 200),lt,-0.0574233155692
(160, 400),rt,0
(40, 300),dw,-0.0102858023379
(340, 240),rt,-0.24725
(120, 80),up,-0.526072517867
(80, 360),rt,-0.0251499790131
(360, 20),up,0
(380, 400),rt,0
(280, 200),rt,-0.0651533781454
(380, 120),up,0
(380, 160),rt,0
(220, 20),lt,0
(120, 40),dw,-0.248040640543
(180, 280),rt,2.47019764876
(400, 240),rt,0
(200, 400),dw,0
(100, 40),dw,-0.619368924408
(100, 100),dw,-0.549585460745
(160, 160),lt,-0.234241351926
(0, 160),dw,0
(180, 0),lt,0
(340, 220),up,-0.034492586698
(240, 300),rt,-0.00524878125
(260, 60),dw,-0.0905462433026
(140, 200),lt,-0.199186486716
(340, 300),up,-0.0208152072831
(180, 100),lt,-0.260473164044
(400, 400),up,0
(200, 140),dw,53.6485684386
(60, 180),dw,-0.290994621426
(360, 320),up,-0.01496253125
(360, 200),lt,-0.0104838588597
(140, 120),lt,-0.390481866743
(120, 400),lt,0
(360, 400),up,0
(300, 300),up,-0.0349072811715
(300, 60),rt,-0.0842075685901
(140, 280),dw,-0.0460928431436
(0, 40),lt,0
(300, 120),rt,-0.109426761357
(160, 360),up,-0.0158850372374
(40, 200),dw,-0.0546252555258
(320, 120),up,-0.104702188095
(140, 80),dw,-0.448223102355
(320, 360),rt,-0.021494375
(60, 100),dw,-0.782582696983
(380, 240),rt,0
(120, 100),rt,-0.491580020825
(260, 40),lt,-0.0304884106803
(280, 220),dw,-0.0580151672675
(160, 220),up,-0.122570969693
(240, 380),lt,-0.005
(260, 260),dw,-0.0343086386865
(80, 340),dw,-0.0612824976562
(220, 240),up,-0.0313638839443
(80, 60),lt,-0.841391577823
(380, 320),dw,0
(100, 280),dw,-0.0958996615222
(260, 0),lt,0
(320, 140),dw,-0.0978272933242
(320, 300),rt,-0.04166525
(40, 340),rt,-0.0157912560514
(360, 140),dw,-0.0149732484375
(380, 340),rt,0
(180, 380),rt,-0.005
(400, 80),rt,0
(160, 0),up,0
(40, 140),lt,-5.0
(360, 80),up,-0.0099875
(20, 340),rt,0
(180, 220),dw,3.4300911185
(400, 20),rt,0
(60, 60),lt,-1.49564831687
(220, 0),up,0
(300, 260),lt,-0.0395356813661
(100, 40),rt,-0.944335152685
(360, 120),up,-0.0199026188281
(160, 180),up,-0.192389940045
(300, 60),up,-0.24725
(180, 60),dw,-0.368485699205
(380, 160),dw,0
(60, 20),lt,0
(100, 320),lt,-0.053410197542
(20, 60),dw,0
(260, 100),dw,-0.135496857274
(280, 280),lt,-0.0299826748229
(180, 400),lt,0
(200, 240),lt,3.9268071418
(20, 260),dw,0
(180, 320),rt,-0.018549375
(280, 180),up,-0.0809969308429
(180, 40),rt,-0.0849094021833
(200, 180),lt,-0.0622670436967
(300, 100),rt,-0.113939099616
(200, 160),dw,57.9798662497
(340, 140),dw,-0.0504177688714
(220, 360),rt,-0.0099875
(360, 160),rt,-9.7502375
(280, 20),dw,0
(360, 100),rt,-5.0
(240, 100),rt,-0.144092153447
(200, 80),up,-0.154504333006
(260, 260),rt,-0.03589386227
(140, 260),dw,-0.0829089715313
(60, 320),rt,-0.0396166073416
(220, 60),lt,-0.117904640661
(60, 0),up,0
(260, 320),rt,-0.0156499826299
(180, 360),lt,-0.0156735130443
(20, 340),dw,0
(320, 40),lt,-0.0298387048255
(280, 240),rt,-0.054215131972
(320, 340),dw,-0.0264575609375
(40, 260),dw,-0.0154359326497
(380, 380),up,0
(240, 240),dw,-0.0338836214226
(200, 300),rt,0
(20, 0),up,0
(40, 360),up,-0.0145
(320, 380),up,-0.0099875
(200, 340),dw,-0.021494375
(360, 240),lt,-0.01043875
(140, 160),lt,-0.275251188854
(0, 400),up,0
(60, 180),rt,-0.28863046082
(20, 100),rt,0
(60, 120),lt,-0.633563004087
(260, 400),dw,0
(280, 360),rt,-0.0151875921875
(140, 300),rt,61.1790335024
(0, 320),lt,0
(400, 220),up,0
(0, 100),rt,0
(280, 120),up,-0.116590522294
(160, 60),rt,-0.319126423754
(220, 320),dw,-0.0107709828125
(60, 40),up,-30.7256040141
(400, 260),lt,0
(80, 240),lt,-0.200794233426
(100, 400),lt,0
(200, 0),dw,0
(200, 260),rt,4.00202853606
(280, 200),dw,-0.0673187169099
(160, 300),dw,-0.0214002974869
(80, 100),lt,-0.604871985658
(360, 40),dw,-0.015176875
(280, 400),dw,0
(140, 60),dw,-0.403440088202
(380, 80),dw,0
(200, 20),lt,0
(60, 160),up,-0.321202731241
(160, 40),rt,-0.104472342151
(0, 160),up,0
(180, 20),rt,0
(240, 20),rt,0
(200, 200),rt,7.72716619788
(280, 80),dw,-0.124172746451
(180, 80),rt,-0.262453074088
(20, 360),dw,0
(220, 180),lt,-0.0843922879927
(300, 160),rt,-0.0945774394513
(220, 240),dw,1.76357307049
(40, 220),up,-0.0380821879946
(20, 160),dw,0
(340, 340),up,-0.0149738110167
(260, 80),dw,-0.136496936284
(120, 380),up,-0.0152218532582
(60, 340),dw,-0.04166525
(360, 0),dw,0
(60, 340),lt,-0.236159640625
(20, 400),lt,0
(40, 280),rt,-0.0165505290229
(320, 200),dw,-0.0679194786428
(380, 220),up,0
(280, 320),up,-0.0208369239434
(140, 100),dw,-0.4214514623
(160, 100),up,-0.343178141876
(320, 280),up,-0.0355795021544
(80, 260),up,-0.162138505405
(280, 360),up,-0.015245240096
(300, 180),rt,-0.080810695075
(100, 360),up,-0.0272454321309
(0, 220),rt,0
(380, 380),lt,0
(120, 140),lt,-0.381641980404
(240, 220),rt,-0.0392818655457
(100, 200),dw,-0.274938404306
(380, 280),up,0
(380, 340),up,0
(200, 380),lt,-0.005
(60, 0),dw,0
(280, 100),up,-0.125621156945
(60, 340),up,-0.0318505896813
(220, 200),rt,-0.0619131216792
(320, 180),lt,-0.081768409434
(200, 400),up,0
(380, 20),rt,0
(360, 240),up,-0.01022440625
(220, 120),up,-0.136335435849
(260, 120),up,-0.128893344986
(260, 100),lt,-0.133863146992
(80, 180),lt,-0.341151277733
(240, 240),up,-0.033053240996
(280, 380),up,-0.01022440625
(240, 80),lt,-0.150215675317
(80, 140),up,-0.475259545444
(60, 180),up,-0.292212318536
(300, 320),up,-0.0302800265069
(360, 260),lt,-0.0149753380344
(60, 400),lt,0
(380, 40),dw,0
(320, 300),up,-0.0311454567695
(80, 300),up,-0.0660756040222
(140, 260),up,-0.0877034264184
(300, 200),rt,-0.0710314345229
(180, 100),rt,1.59331291189
(320, 260),up,-0.041506739027
(180, 240),lt,-0.0425776452781
(300, 340),rt,-0.0212133576523
(340, 260),lt,-0.0258984625799
(40, 80),dw,-5.18805088571
(20, 240),up,0
(140, 40),dw,-0.101149933202
(20, 300),dw,0
(220, 100),up,-0.151764330267
(180, 140),lt,-0.198329749026
(60, 0),rt,0
(300, 320),rt,-0.0258865872617
(220, 0),dw,0
(200, 80),rt,-0.168921297163
(60, 280),lt,-0.24725
(40, 340),dw,-0.01651875
(340, 340),dw,-0.0262325
(400, 40),up,0
(280, 400),up,0
(220, 360),up,-0.01496253125
(240, 300),dw,-0.0099875
(300, 280),rt,-0.035541632778
(260, 300),dw,-0.0149737842969
(160, 120),dw,-0.304273323924
(60, 220),up,-0.218036503872
(140, 260),lt,-0.088221618972
(360, 120),dw,-0.0151993543008
(140, 0),rt,0
(360, 280),rt,-5.0
(360, 180),dw,-0.0149737842969
(80, 60),rt,-0.898628285222
(300, 360),up,-0.0199251249219
(380, 200),lt,0
(180, 220),up,-0.0687960245717
(320, 360),dw,-0.24725
(220, 220),lt,1.3945664061
(180, 260),rt,-0.0306952258523
(260, 200),rt,-0.0655953118158
(100, 180),lt,-0.323884008855
(320, 80),lt,-0.0991335796801
(380, 140),up,0
(180, 340),rt,-0.0192605520545
(120, 280),dw,0.0200872316471
(360, 40),up,-5.0
(120, 280),lt,-0.0732042462922
(220, 40),dw,-0.0437785089507
(160, 360),dw,-0.24725
(340, 120),lt,-0.0652837069543
(100, 120),rt,-0.495849869966
(300, 260),rt,-0.041113305817
(200, 380),up,-0.005
(160, 220),rt,0.254317690366
(240, 20),dw,0
(140, 380),rt,-0.0099875
(20, 60),lt,0
(100, 80),up,-0.604376960618
(160, 60),up,-0.662992747144
(120, 320),up,-0.0453907172086
(160, 260),rt,-0.0640007251917
(320, 360),up,-0.0161338034865
(100, 360),lt,-0.0242307728776
(380, 340),dw,0
(0, 300),lt,0
(240, 40),lt,-0.0355258820476
(140, 280),up,-0.0477690265011
(120, 60),rt,-0.469588487043
(280, 320),lt,-0.0248427064063
(400, 120),dw,0
(20, 220),up,0
(280, 100),dw,-0.123650573397
(140, 0),up,0
(0, 180),dw,0
(180, 300),lt,2.84021164891
(80, 0),rt,0
(240, 180),lt,-0.0808949432707
(280, 300),dw,-0.0293780860507
(240, 340),dw,-0.0262325
(40, 20),rt,0
(120, 220),lt,-0.183852023021
(160, 140),dw,-0.191720008127
(120, 0),lt,0
(60, 80),dw,-0.706360978551
(120, 80),rt,-0.521707528239
(140, 340),rt,-0.0349989558095
(240, 0),up,0
(40, 100),dw,-5.04193025719
(380, 400),dw,0
(100, 160),rt,-0.287013218848
(120, 140),up,-0.385286229736
(400, 320),dw,0
(200, 360),up,-0.0099875
(20, 20),up,0
(240, 100),dw,-0.140395127315
(120, 340),up,-0.0406827629582
(60, 40),lt,-7.63480913991
(360, 100),dw,-0.0152100943293
(80, 360),dw,-0.2425
(280, 380),rt,-0.005
(320, 380),lt,-0.0099875
(0, 320),up,0
(400, 280),dw,0
(80, 200),lt,-0.301321170581
(240, 180),up,-0.0814122339723
(160, 120),up,-0.310568771724
(100, 60),dw,-0.552969478323
(340, 240),lt,-0.0300991340719
(180, 320),dw,-0.0216109385156
(80, 400),lt,0
(0, 380),dw,0
(340, 280),rt,-0.24725
(260, 180),lt,-0.0849219756893
(80, 260),lt,-0.156357203329
(200, 100),up,8.24190949045
(120, 240),lt,-0.140742625574
(140, 140),dw,-0.32187920903
(200, 60),lt,0.0174352158117
(240, 40),up,-5.0
(100, 380),dw,-9.75047440625
(380, 40),rt,0
(400, 280),lt,0
(0, 140),rt,0
(360, 360),lt,-0.010213125
(280, 120),dw,-0.113613143028
(400, 220),lt,0
(400, 400),dw,0
(0, 120),up,0
(360, 220),up,-0.0151994064071
(360, 380),rt,-0.0052375
(140, 320),up,-0.035465493068
(140, 140),rt,1.13657173692
(380, 20),dw,0
(220, 40),lt,-0.037432955706
(220, 340),up,-0.0099875
(380, 320),rt,0
(300, 80),up,-0.119342201874
(240, 140),rt,-0.118619839385
(200, 340),up,3.10041687616
(320, 20),rt,0
(260, 380),up,-0.0099875
(400, 320),lt,0
(240, 280),up,-0.0204612608287
(320, 60),up,-0.0913690604119
(360, 40),lt,-0.0152106299213
(380, 200),dw,0
(100, 60),rt,-0.542447486978
(300, 160),up,-0.0942473141128
(380, 240),lt,0
(20, 140),lt,0
(20, 320),up,0
(40, 180),lt,-5.0
(0, 160),rt,0
(20, 280),lt,0
(140, 80),rt,-0.44606128595
(200, 220),up,25.8273185966
(360, 60),lt,-0.0147487204722
(300, 120),dw,-0.10996065528
(280, 160),lt,-0.0957084225338
(20, 0),lt,0
(0, 80),up,0
(80, 320),rt,-0.0612789004454
