(280, 340),lt,-0.0629093094879
(240, 400),rt,0
(0, 360),up,0
(200, 260),up,-0.112621985684
(200, 320),up,-0.105110936005
(100, 20),rt,0
(140, 340),dw,-0.144397884666
(180, 140),up,-0.266422986052
(280, 320),dw,-0.0536506428692
(160, 340),dw,-0.131013337229
(260, 0),up,0
(120, 180),dw,-0.227120165691
(80, 40),dw,-1.6481583675
(260, 20),lt,0
(360, 60),dw,-0.0099875
(340, 0),up,0
(20, 240),lt,0
(180, 280),dw,-0.118657419015
(400, 100),rt,0
(120, 20),lt,0
(100, 340),lt,-0.146114190508
(400, 400),rt,0
(160, 100),rt,-0.367007974353
(100, 100),lt,-0.489655704029
(60, 220),dw,-0.150669946621
(340, 20),lt,0
(280, 240),up,-0.0389481952839
(100, 60),up,-0.842984898832
(200, 240),dw,-0.114496239917
(140, 20),lt,0
(280, 280),dw,-0.0359983935639
(120, 260),lt,-0.153462287794
(120, 140),dw,-0.365303083089
(0, 200),rt,0
(260, 320),lt,-0.0686875485775
(60, 260),up,-0.128049828949
(100, 340),dw,-0.149104460558
(120, 340),dw,-0.142526424581
(280, 240),lt,-0.0381090424894
(220, 380),up,-0.0102362191458
(180, 60),lt,-0.300976911815
(160, 320),dw,-0.124641888412
(260, 40),rt,-0.0422583104925
(340, 320),rt,-0.24725
(200, 300),lt,-0.108175507736
(60, 160),rt,-0.318825315674
(220, 280),dw,-0.09345334797
(200, 40),rt,-0.0615460988044
(320, 280),lt,-0.0253795810009
(380, 120),lt,0
(320, 160),rt,-0.02172
(220, 140),lt,-0.193682998429
(200, 180),rt,-0.154855098641
(120, 280),rt,-0.153823892172
(180, 260),dw,-0.116984920738
(120, 380),lt,-0.0196898558633
(380, 0),lt,0
(140, 300),lt,-0.138734101166
(40, 220),lt,-5.0
(360, 120),rt,-5.0
(40, 80),lt,-9.75723923221
(340, 260),dw,-0.0154350801795
(400, 120),up,0
(160, 120),rt,-0.335173462182
(100, 260),lt,-0.166182410649
(320, 40),rt,-0.014725625
(200, 260),lt,-0.11001827726
(20, 320),dw,0
(0, 300),rt,0
(140, 320),dw,-0.138064446949
(40, 120),lt,-5.0
(340, 60),rt,-0.24725
(340, 40),up,-9.7502375
(300, 380),lt,-0.00524878125
(400, 160),up,0
(0, 340),dw,0
(140, 400),rt,0
(300, 360),dw,-0.247475625
(160, 280),lt,-0.129350631186
(300, 240),up,42.502084423
(380, 0),up,0
(100, 400),dw,0
(160, 140),lt,-0.300471880863
(100, 300),up,-0.148094243755
(80, 380),up,-0.0188410642561
(180, 80),lt,-0.342709560398
(180, 100),dw,-0.325250459883
(260, 400),lt,0
(80, 100),rt,-0.531363633161
(340, 340),lt,-0.0274295904868
(280, 300),lt,-0.0531404043035
(240, 180),dw,-0.085503870748
(280, 120),lt,-0.067597038223
(120, 200),dw,-0.154961299651
(240, 280),lt,-0.0811488075464
(400, 380),rt,0
(300, 300),rt,-0.0399596146043
(60, 120),up,-0.463532907697
(140, 100),lt,-0.4194553226
(220, 40),up,-5.0
(20, 120),rt,0
(320, 200),lt,22.62190625
(260, 180),dw,-0.0670740896508
(380, 400),lt,0
(300, 100),up,-0.0265721523095
(160, 0),dw,0
(80, 380),rt,-0.014725625
(320, 220),up,-0.005
(20, 20),dw,0
(240, 300),lt,-0.0797521590677
(120, 60),up,-0.68647322395
(140, 400),up,0
(60, 120),rt,-0.461072252141
(60, 80),up,-0.634899455339
(20, 20),rt,0
(100, 220),lt,-0.203263968224
(340, 60),up,-0.24725
(360, 80),rt,-5.0
(40, 280),dw,-0.0199465057109
(200, 180),dw,-0.150230652081
(80, 240),rt,-0.182497886425
(360, 0),rt,0
(40, 100),up,-5.07535113219
(60, 340),rt,-0.103741196027
(280, 300),up,-0.0521176081167
(260, 180),rt,0.571169232891
(180, 120),rt,-0.294798819111
(380, 100),rt,0
(180, 400),up,0
(200, 60),rt,-0.271009490737
(340, 200),lt,1.1076875
(300, 300),dw,-0.0402182426237
(100, 0),rt,0
(380, 160),lt,0
(160, 140),up,-0.296768831568
(120, 200),rt,55.717419363
(120, 0),dw,0
(100, 220),dw,-0.203243065358
(160, 80),up,-0.396130485372
(180, 20),dw,0
(160, 280),up,-0.132879526266
(140, 220),rt,-0.126873182358
(320, 0),lt,0
(200, 380),rt,-0.00999878125
(220, 0),lt,0
(40, 120),up,-0.289903605147
(220, 80),dw,-0.251944751741
(280, 400),rt,0
(380, 320),up,0
(100, 280),lt,-0.155947662915
(100, 260),up,-0.166501863965
(300, 20),up,0
(400, 120),lt,0
(120, 220),up,-0.178628033576
(0, 20),lt,0
(180, 260),up,-0.113305057751
(100, 100),up,-0.493713186219
(300, 120),lt,-0.0288013982538
(240, 200),dw,-0.0742096719305
(20, 400),rt,0
(80, 80),dw,0.766109502333
(240, 380),dw,-5.0
(60, 240),up,-0.153325061321
(140, 0),lt,0
(360, 60),rt,-5.0
(340, 220),rt,-0.005
(140, 300),dw,-0.140065160138
(120, 180),rt,-0.22888483857
(260, 100),up,-0.157219599752
(160, 80),lt,-0.392824769853
(160, 340),rt,-0.125563260639
(380, 280),lt,0
(160, 160),rt,-0.245455026515
(240, 260),up,-0.0784049811472
(160, 20),dw,0
(140, 280),lt,-0.138625352785
(400, 0),up,0
(380, 0),dw,0
(140, 200),rt,58.5613894221
(80, 180),dw,2.7131326923
(340, 140),up,-0.0156499826299
(160, 360),lt,-0.0724486099801
(160, 180),dw,-0.191235996701
(40, 340),lt,-5.0
(160, 400),up,0
(360, 160),lt,-0.010213125
(40, 320),dw,-0.01496253125
(80, 140),rt,-0.395900504581
(200, 120),up,-0.260245583847
(240, 240),rt,-0.0771540938811
(20, 260),lt,0
(100, 180),dw,-0.26336090952
(340, 0),rt,0
(140, 60),up,-0.700221442619
(60, 260),lt,-0.2356125
(160, 380),up,-0.01022440625
(120, 300),rt,-0.145295853732
(20, 60),up,0
(280, 240),dw,-0.0284062270193
(120, 160),rt,-0.298677779373
(120, 260),up,-0.151766431741
(140, 20),up,0
(240, 80),rt,-0.21131919476
(60, 20),dw,0
(400, 100),lt,0
(140, 260),rt,-0.129266347247
(340, 20),up,0
(100, 340),rt,-0.146555062742
(260, 300),lt,-0.0677401752735
(180, 0),up,0
(60, 400),rt,0
(400, 400),lt,0
(120, 60),lt,-0.756648316413
(0, 220),up,0
(80, 320),up,-0.148165920146
(0, 80),rt,0
(400, 180),rt,0
(40, 320),lt,-5.0
(360, 160),dw,-0.00999878125
(60, 300),rt,-0.104940462852
(180, 220),lt,-0.125391708308
(320, 220),lt,-0.005
(300, 320),dw,-0.0476259415901
(400, 380),up,0
(200, 220),rt,-0.124382788146
(260, 80),lt,-0.172699334612
(60, 220),lt,-0.231465512456
(140, 80),up,-0.451735077354
(260, 0),rt,0
(20, 20),lt,0
(300, 100),lt,-0.0442464799242
(220, 200),up,3.33909029904
(180, 140),rt,-0.264104276959
(160, 340),up,-0.126324997429
(120, 260),rt,-0.151645714116
(40, 400),up,0
(220, 360),lt,-0.0557450784375
(20, 360),lt,0
(60, 380),up,-0.0154498666783
(340, 380),lt,-0.005
(360, 240),dw,-0.0106868783508
(60, 40),dw,-2.28127443084
(260, 160),dw,-0.0840873856125
(180, 60),rt,-0.301307895848
(240, 200),lt,30.8746475743
(340, 40),dw,-0.0262325
(260, 400),up,0
(200, 20),dw,0
(320, 320),lt,-0.0415932121491
(220, 340),rt,-0.0943509080231
(100, 320),rt,-0.14505293284
(180, 20),up,0
(280, 320),rt,-0.0530737006803
(240, 160),lt,-0.126555872827
(40, 180),up,-4.90946453664
(0, 40),dw,0
(340, 260),up,-0.01946375
(220, 120),dw,-0.21578018301
(80, 300),lt,-0.151866527216
(160, 200),lt,22.2636054361
(20, 280),up,0
(20, 320),lt,0
(180, 20),lt,0
(0, 260),up,0
(60, 180),lt,-0.45433674583
(20, 140),up,0
(300, 160),lt,-0.0111369362681
(40, 220),dw,-5.03018423202
(360, 340),up,-0.0151875921875
(60, 100),rt,-0.528181705135
(200, 400),lt,0
(20, 0),dw,0
(160, 40),up,-5.0
(200, 340),lt,-0.103297477512
(100, 160),dw,-0.334763458764
(20, 360),up,0
(320, 360),lt,-0.0259168039347
(400, 100),up,0
(300, 60),dw,3.9609354518
(240, 40),rt,-0.0581593079817
(40, 280),lt,-9.7502375
(240, 220),up,-0.0749158082904
(320, 300),dw,-0.0351013417082
(260, 20),up,0
(40, 160),up,-0.200307092227
(240, 0),lt,0
(260, 80),up,-0.17340891137
(380, 240),up,0
(300, 40),lt,-0.0154736386651
(220, 140),up,-0.193622751356
(260, 160),rt,-0.0811458782538
(40, 320),up,-0.0152203036594
(260, 340),rt,-0.0710785991061
(0, 220),lt,0
(200, 300),up,-0.105989144829
(60, 40),rt,-5.67744624706
(380, 340),lt,0
(40, 300),lt,-5.0
(260, 180),up,-0.0684317829508
(220, 180),dw,1.11020811708
(260, 360),lt,-0.0421697026812
(260, 300),up,-0.0684029758075
(280, 120),rt,-0.0651457033238
(120, 240),dw,-0.15879284222
(240, 20),lt,0
(200, 200),lt,16.8837342802
(320, 60),lt,-0.0319580430073
(240, 140),lt,-0.154903829789
(120, 260),dw,-0.153954312249
(100, 380),rt,-0.0154346220197
(240, 260),dw,-0.0759330020916
(160, 0),lt,0
(260, 320),up,-0.0692440713527
(320, 220),dw,-0.0052493425627
(320, 180),up,-0.0052375
(160, 380),lt,-0.014983965625
(140, 60),lt,-0.577891361256
(280, 260),rt,0.173578195208
(100, 60),lt,-0.619927075843
(380, 240),dw,0
(320, 320),dw,-0.0412231669173
(160, 400),lt,0
(260, 360),rt,-0.0437624558538
(80, 0),up,0
(260, 280),dw,-0.0662724280807
(60, 140),up,-0.396963743297
(40, 240),rt,-0.040120684755
(220, 40),rt,-0.0866401220444
(280, 60),dw,0.0451373273083
(240, 400),lt,0
(0, 400),dw,0
(80, 140),dw,1.81937030789
(160, 280),dw,-0.129131973171
(100, 400),up,0
(280, 40),rt,-0.0244038375781
(0, 20),up,0
(120, 0),up,0
(300, 20),lt,0
(120, 360),dw,-0.24036190625
(320, 140),lt,-0.0244552775964
(120, 320),rt,-0.138802941904
(40, 120),dw,-0.217561876769
(160, 20),rt,0
(40, 180),dw,-0.176808203568
(80, 400),rt,0
(140, 0),dw,0
(380, 40),up,0
(280, 340),up,-0.0645253376153
(320, 260),dw,-0.0159685826632
(80, 340),lt,-0.146950724347
(80, 260),rt,-0.176317988997
(320, 240),dw,-0.00524931710938
(220, 160),up,-0.155296452849
(380, 140),rt,0
(160, 240),dw,-0.113728328433
(400, 20),up,0
(220, 80),rt,-0.248666469108
(80, 220),dw,-0.179510196369
(300, 0),up,0
(180, 380),up,-0.0165520619169
(200, 380),dw,-5.0
(400, 120),rt,0
(320, 180),rt,-0.005
(120, 360),up,-0.0783186908491
(200, 80),lt,-0.305473102324
(400, 60),rt,0
(220, 380),rt,-0.010213125
(160, 320),lt,-0.127546297922
(300, 80),lt,-0.0458483259235
(180, 340),up,-0.110929045897
(180, 0),dw,0
(20, 140),rt,0
(80, 160),dw,2.13423215741
(20, 200),rt,0
(300, 280),lt,-0.0255156212492
(100, 0),dw,0
(360, 260),rt,-5.0
(200, 60),dw,-0.272585351234
(380, 380),rt,0
(140, 20),dw,0
(20, 280),rt,0
(360, 280),up,-0.01496253125
(340, 300),rt,-0.247475625
(140, 380),dw,-5.0
(400, 280),up,0
(300, 260),dw,-0.0158944418458
(160, 380),dw,-5.0
(320, 400),rt,0
(120, 240),up,-0.162133419898
(260, 20),rt,0
(200, 100),lt,-0.285325170297
(60, 360),rt,-0.0552215359866
(100, 320),up,-0.14718899139
(180, 320),lt,-0.114395956914
(220, 160),lt,-0.159135149815
(240, 340),up,-0.075710058235
(100, 200),rt,51.9948250756
(360, 120),lt,-0.0102362179973
(340, 240),up,-0.0099875
(160, 120),lt,-0.338002740778
(60, 140),dw,-0.385135133587
(240, 360),rt,-0.0525282610993
(80, 80),lt,-0.604599949865
(260, 120),rt,-0.129691330376
(300, 40),dw,-0.0165114360194
(260, 300),rt,-0.0697047701294
(400, 220),dw,0
(320, 0),up,0
(300, 220),dw,-0.0052493425627
(140, 340),lt,-0.138266412676
(300, 200),up,0
(300, 140),up,2.10038087781
(220, 140),rt,-0.192055287237
(40, 200),lt,-5.0
(300, 20),dw,0
(100, 160),lt,-0.335674835809
(240, 400),up,0
(380, 20),up,0
(20, 300),lt,0
(400, 60),up,0
(160, 300),lt,-0.131895280136
(0, 240),rt,0
(0, 260),dw,0
(400, 160),lt,0
(60, 140),lt,-0.435693393866
(60, 400),up,0
(300, 160),dw,87.9197926251
(340, 380),rt,-0.2425
(220, 320),lt,-0.0950611288686
(40, 80),rt,-0.26732164571
(80, 0),lt,0
(340, 120),rt,-0.2517625
(240, 80),up,-0.215318539961
(140, 20),rt,0
(20, 100),lt,0
(380, 20),lt,0
(280, 380),lt,-0.01045003125
(0, 40),up,0
(40, 340),up,-0.0099875
(20, 160),lt,0
(80, 160),rt,-0.333928122607
(300, 300),lt,-0.0416464554734
(0, 100),lt,0
(400, 40),dw,0
(220, 120),lt,-0.218832204888
(360, 360),dw,-0.24725
(260, 280),rt,-0.0638293320794
(280, 100),lt,-0.0919555076141
(240, 160),rt,-0.119999112099
(0, 340),rt,0
(320, 280),rt,-0.0306208780469
(140, 200),up,2.07241638459
(240, 20),up,0
(140, 140),up,-0.332061238916
(20, 220),lt,0
(20, 180),dw,0
(0, 300),dw,0
(40, 400),dw,0
(0, 120),rt,0
(360, 180),lt,-0.0052375
(160, 240),rt,-0.114691061355
(300, 380),rt,-0.005784640625
(180, 300),rt,-0.118962034102
(380, 140),dw,0
(260, 400),rt,0
(180, 60),up,-0.4773875
(140, 140),lt,-0.334077761188
(240, 280),rt,-0.0825463179585
(20, 40),up,0
(120, 220),rt,-0.175576019478
(200, 340),rt,-0.103397418193
(300, 320),lt,-0.045568083673
(100, 260),rt,-0.168269908816
(240, 140),up,-0.157307062899
(320, 260),lt,-0.0152235548023
(200, 100),dw,-0.286810290647
(360, 0),lt,0
(380, 60),up,0
(80, 400),dw,0
(340, 120),up,-0.0152095356289
(200, 300),dw,-0.108440410968
(380, 100),lt,0
(0, 100),up,0
(100, 0),lt,0
(120, 20),up,0
(340, 100),dw,-0.0239869121914
(160, 280),rt,-0.131036481929
(0, 160),lt,0
(20, 380),dw,0
(260, 320),dw,-0.0679220144186
(0, 400),rt,0
(360, 220),rt,-5.0
(80, 20),up,0
(120, 340),rt,-0.140138590841
(60, 320),dw,-0.104307198787
(320, 0),dw,0
(160, 200),up,-0.168183356146
(280, 80),rt,-0.117589474322
(0, 60),up,0
(80, 160),up,-0.137284612656
(280, 20),rt,0
(160, 40),dw,-0.076390646077
(260, 140),dw,-0.111079975545
(80, 20),lt,0
(240, 220),lt,-0.0775191119859
(40, 200),up,-0.04461450308
(140, 60),rt,-0.726717153336
(140, 340),up,-0.138508701225
(0, 60),dw,0
(0, 240),up,0
(200, 0),rt,0
(280, 140),rt,-0.0479324817288
(340, 380),up,-0.0099875
(160, 340),lt,-0.126546163041
(0, 20),dw,0
(120, 240),rt,-0.158156965725
(140, 80),lt,-0.451594118362
(240, 320),lt,-0.0754912982186
(320, 380),rt,-0.01651875
(260, 340),dw,-0.0789888312969
(300, 220),up,81.3620883759
(360, 260),up,-0.01495125
(280, 340),dw,-0.0652603005181
(340, 200),rt,0
(360, 400),dw,0
(360, 140),rt,-5.0
(140, 120),dw,-0.375744464418
(100, 220),rt,1.11269257716
(320, 60),dw,-0.0309544091044
(320, 140),rt,-0.0262325
(280, 60),lt,-0.0960592838809
(240, 240),lt,-0.0782180703827
(100, 280),rt,-0.159218844396
(240, 40),dw,-0.0627796239049
(60, 0),lt,0
(60, 360),up,-0.0579298817916
(100, 20),lt,0
(300, 280),dw,-0.0262341895884
(320, 80),dw,-0.0392597841976
(80, 340),rt,-0.148739877871
(220, 60),dw,-0.273440013979
(120, 120),lt,-0.417080775025
(280, 220),rt,-0.0316082747311
(160, 320),up,-0.127420831268
(20, 260),up,0
(400, 200),rt,0
(40, 380),rt,-0.0099875
(160, 80),rt,-0.39066814195
(60, 260),dw,-0.128771000738
(140, 280),rt,-0.142097857664
(340, 140),lt,-0.0154472695835
(280, 280),up,-0.0131749217596
(200, 60),up,-0.7070474529
(400, 0),lt,0
(220, 300),dw,-0.0902107297185
(200, 160),rt,-0.196735951584
(340, 320),up,-0.024905779734
(240, 140),dw,-0.15221740056
(80, 360),lt,-0.0872353911597
(160, 260),up,-0.122552948774
(280, 340),rt,-0.0652998823982
(20, 260),rt,0
(80, 400),up,0
(320, 80),up,-0.0414400665146
(100, 120),lt,-0.447136721995
(80, 200),up,-0.220137895471
(0, 20),rt,0
(0, 140),dw,0
(0, 200),lt,0
(240, 380),up,-0.0162109987067
(100, 280),up,-0.159825643271
(280, 140),dw,1.93890013445
(0, 380),lt,0
(340, 380),dw,-5.0
(380, 300),up,0
(340, 320),lt,-0.0211485777116
(180, 220),rt,-0.123723441858
(120, 20),rt,0
(60, 160),lt,-0.665068259393
(400, 200),up,0
(180, 140),dw,-0.265937953624
(380, 40),lt,0
(320, 160),up,-0.0154463304834
(220, 100),rt,-0.240808579175
(280, 220),up,-0.0126964619735
(100, 100),rt,-0.4899280251
(180, 380),dw,-5.0
(220, 300),rt,-0.0936247217025
(380, 60),dw,0
(60, 300),dw,-0.108501301112
(280, 380),dw,-5.0
(0, 80),dw,0
(400, 260),up,0
(60, 260),rt,-0.125131932459
(80, 300),dw,-0.149786691112
(120, 400),up,0
(240, 80),dw,-0.212536507267
(260, 220),rt,-0.0621854367958
(240, 220),dw,-0.0781503395243
(180, 160),rt,-0.22368282962
(380, 220),rt,0
(40, 200),rt,12.8729660801
(140, 240),up,0.412058492612
(400, 300),rt,0
(340, 60),lt,-0.024760259879
(40, 320),rt,-0.0175997453425
(400, 160),rt,0
(380, 120),rt,0
(140, 400),lt,0
(160, 200),rt,58.8387288343
(40, 360),lt,-5.0
(280, 260),up,0.158678873874
(260, 60),lt,-0.149204296678
(380, 180),dw,0
(300, 280),up,0.514358803695
(180, 360),dw,-0.24725
(60, 120),dw,-0.46039022853
(0, 180),lt,0
(120, 380),dw,-5.0
(100, 380),lt,-0.0155305421875
(300, 40),up,-5.0
(40, 160),lt,-14.2715981463
(200, 400),rt,0
(120, 40),rt,-0.951811043969
(280, 0),dw,0
(280, 100),rt,-0.0928088715737
(240, 200),rt,87.0849949879
(280, 20),up,0
(400, 380),lt,0
(140, 100),up,-0.411351440806
(280, 80),up,-0.122587786693
(400, 260),dw,0
(80, 100),up,-0.459141867457
(220, 280),lt,-0.0956443635631
(120, 60),dw,-0.572431845824
(340, 180),rt,-0.005
(120, 280),up,-0.148419771671
(240, 0),rt,0
(400, 40),lt,0
(80, 20),dw,0
(320, 120),rt,-0.02644684375
(200, 180),up,-0.156794039469
(100, 180),up,-0.269026489108
(120, 200),lt,12.2754402612
(220, 20),dw,0
(260, 140),rt,-0.109050057746
(360, 400),lt,0
(160, 260),dw,-0.117968919488
(100, 300),lt,-0.150477327031
(60, 200),up,-0.189799457494
(140, 220),dw,-0.124855751464
(360, 340),rt,-5.0
(340, 120),dw,-0.0201389328125
(60, 20),up,0
(160, 180),lt,-0.192696415897
(340, 340),rt,-0.24725
(280, 40),lt,-0.264473687086
(0, 260),rt,0
(240, 160),up,-0.124105081857
(280, 400),lt,0
(340, 200),dw,-0.005
(60, 60),up,-1.79715001594
(380, 400),up,0
(360, 80),lt,-0.0104730934318
(320, 380),dw,-5.0
(240, 60),rt,-0.193532986163
(380, 100),dw,0
(380, 280),dw,0
(240, 200),up,0.000202191352043
(80, 240),dw,-0.183803564684
(80, 60),dw,0.418072127715
(60, 200),rt,41.0817864471
(180, 200),rt,71.4233276401
(260, 240),lt,-0.059867906148
(20, 240),dw,0
(100, 260),dw,-0.169990471474
(300, 40),rt,-0.01945246875
(260, 120),dw,-0.132685133813
(120, 180),lt,-0.231014832361
(0, 340),up,0
(100, 140),lt,-0.394011705588
(180, 300),dw,-0.11544253517
(340, 400),dw,0
(80, 120),lt,-0.457226278116
(300, 340),up,-0.0538654625438
(100, 300),dw,-0.144093565154
(360, 380),dw,-5.0
(40, 400),rt,0
(80, 320),lt,-0.145301669976
(80, 140),lt,-0.399451381633
(60, 360),dw,-0.23584940625
(160, 0),rt,0
(320, 280),dw,-0.0266192317225
(160, 380),rt,-0.01496253125
(140, 120),up,-0.374523630754
(60, 300),up,-0.105886963417
(360, 260),dw,-0.0149737547541
(220, 20),rt,0
(20, 200),dw,0
(360, 380),up,-0.0099875
(380, 360),rt,0
(180, 0),rt,0
(300, 140),rt,-0.025338971065
(180, 320),up,-0.115000026485
(360, 160),up,-0.0151886867473
(160, 160),up,-0.250367806819
(120, 160),up,-0.300181529717
(340, 20),dw,0
(280, 180),rt,0.496988820249
(160, 100),lt,-0.36848684809
(240, 360),up,-0.0492726511772
(380, 180),lt,0
(220, 200),dw,-0.0645555048722
(380, 260),rt,0
(80, 220),rt,0.562273384389
(240, 260),lt,-0.0782100790019
(0, 240),dw,0
(340, 160),lt,-0.0149763777125
(220, 220),dw,-0.106282657522
(300, 20),rt,0
(340, 60),dw,-0.0199251249219
(300, 80),rt,-0.044108618443
(400, 140),dw,0
(340, 0),lt,0
(0, 220),dw,0
(240, 360),lt,-0.0518442058588
(120, 160),lt,-0.298523976347
(220, 300),up,-0.0893628864014
(20, 180),rt,0
(340, 80),up,-0.0262325
(220, 180),up,-0.111060641553
(80, 40),lt,-5.73900880161
(180, 40),up,-5.0
(140, 360),rt,-0.0771104627586
(180, 200),dw,-0.119424336679
(0, 140),up,0
(60, 200),dw,-0.152336081798
(400, 60),dw,0
(280, 0),up,0
(320, 0),rt,0
(380, 280),rt,0
(40, 60),dw,-7.56113335873
(200, 40),lt,-0.236839212394
(240, 60),dw,-0.195205313911
(280, 160),up,-0.036799396803
(140, 180),lt,-0.207804706591
(220, 160),rt,-0.154167873057
(320, 180),dw,-0.00975
(180, 180),up,-0.186779520991
(220, 240),rt,-0.0993785434983
(120, 360),rt,-0.0745495739068
(140, 40),up,-5.0
(180, 80),dw,-0.344142482122
(400, 360),dw,0
(300, 0),rt,0
(360, 340),dw,-0.014725625
(160, 320),rt,-0.122484731835
(220, 80),up,-0.26183063498
(60, 100),lt,-1.01680174026
(100, 140),up,-0.393051376417
(140, 240),dw,-0.126467424677
(20, 140),dw,0
(40, 100),lt,-18.5684945825
(0, 200),dw,0
(0, 340),lt,0
(180, 180),rt,-0.181604632252
(260, 380),lt,-0.0099875
(280, 280),rt,-0.0391052509183
(120, 400),dw,0
(340, 360),lt,-0.00999931710938
(200, 240),rt,-0.113206407504
(220, 340),lt,-0.0931194451231
(280, 260),dw,-0.0258204930624
(140, 160),up,-0.278141948533
(160, 300),rt,-0.131760194635
(60, 80),lt,-0.842113543923
(200, 260),dw,-0.107506576883
(0, 120),lt,0
(40, 380),up,-0.0099875
(320, 220),rt,0
(60, 140),rt,-0.386601105707
(340, 200),up,-0.005
(260, 160),lt,-0.0870304960895
(220, 260),rt,-0.095974890435
(80, 280),dw,-0.166374706549
(60, 220),rt,-0.0396039266718
(220, 320),rt,-0.0875834660053
(400, 340),up,0
(340, 80),rt,-0.2517625
(220, 400),rt,0
(20, 120),up,0
(360, 200),rt,0
(40, 20),up,0
(180, 360),rt,-0.0610655458172
(380, 300),dw,0
(120, 120),dw,-0.413006434925
(380, 120),dw,0
(20, 80),rt,0
(380, 260),up,0
(120, 320),dw,-0.140384560963
(380, 360),dw,0
(20, 220),rt,0
(80, 200),dw,2.94066655711
(360, 240),rt,-5.0
(40, 160),rt,-0.207403350136
(60, 320),up,-0.102974372145
(120, 340),lt,-0.139676108501
(180, 160),dw,-0.22355919599
(360, 180),rt,-5.0
(200, 240),up,-0.113987852591
(80, 320),dw,-0.149167651693
(80, 380),lt,-0.02172
(80, 300),rt,-0.152406837354
(200, 360),lt,-0.0563697859508
(280, 20),lt,0
(40, 240),dw,-0.0344874831102
(0, 280),rt,0
(240, 320),dw,-0.076717341496
(300, 240),lt,-0.00524931710938
(100, 380),up,-0.0154355840213
(140, 380),up,-0.0192332811182
(320, 320),rt,-0.04166525
(400, 140),up,0
(220, 120),rt,-0.216391640629
(400, 340),lt,0
(180, 40),dw,-0.0491776402669
(0, 0),dw,0
(40, 20),lt,0
(40, 140),up,-0.24725
(160, 20),lt,0
(100, 320),dw,-0.143783494152
(200, 0),lt,0
(320, 120),lt,-0.0300778871215
(200, 20),rt,0
(400, 240),lt,0
(340, 40),rt,-0.00975
(400, 180),lt,0
(320, 260),rt,-0.0309480625
(340, 360),up,-0.0152304341445
(0, 320),dw,0
(300, 180),up,3.56881111172
(60, 280),dw,-0.117571112658
(220, 180),rt,-0.0664288474758
(300, 380),up,-0.0102356592969
(400, 20),dw,0
(40, 40),lt,-59.6102095822
(40, 300),rt,-0.016043416016
(60, 100),up,-0.532635783009
(140, 220),lt,-0.128300318377
(220, 80),lt,-0.253985485401
(200, 360),dw,-0.24725
(260, 0),dw,0
(20, 40),lt,0
(200, 220),dw,-0.126016514881
(140, 40),lt,-2.40471806112
(220, 380),lt,-0.00999931710938
(80, 220),up,-0.179704529285
(0, 0),rt,0
(120, 320),lt,-0.13997079532
(240, 120),dw,-0.177398982762
(280, 220),lt,-0.0384182308088
(60, 400),dw,0
(160, 240),up,-0.114301516805
(80, 20),rt,0
(360, 320),lt,-0.0102249421094
(40, 380),dw,-5.0
(120, 100),dw,-0.460099104887
(280, 0),lt,0
(340, 300),lt,-0.0213343868349
(240, 320),rt,-0.0757437677121
(80, 260),dw,-0.173386588243
(120, 300),dw,-0.143842563769
(80, 120),rt,-0.464613768995
(40, 0),rt,0
(340, 220),lt,-0.005
(300, 360),rt,-0.0304719747834
(380, 140),lt,0
(0, 200),up,0
(380, 200),up,0
(360, 20),dw,0
(80, 280),lt,-0.165682013034
(140, 120),rt,-0.373801266805
(100, 200),lt,10.6919433666
(100, 340),up,-0.149580080355
(60, 380),rt,-0.01022440625
(20, 220),dw,0
(80, 180),rt,-0.26627555486
(360, 20),lt,0
(20, 340),lt,0
(0, 40),rt,0
(340, 160),up,-0.0104827186719
(200, 140),rt,-0.228846846026
(220, 340),dw,-0.105825131825
(400, 60),lt,0
(120, 120),rt,-0.414958645134
(120, 300),lt,-0.145107727019
(240, 380),rt,-0.0099875
(200, 320),lt,-0.106874028192
(60, 60),dw,-0.989258438847
(20, 200),lt,0
(320, 120),dw,-0.0298583577379
(0, 360),lt,0
(80, 0),dw,0
(400, 180),up,0
(340, 240),dw,-0.0099993425627
(400, 0),rt,0
(180, 200),up,-0.163506053133
(0, 80),lt,0
(220, 260),dw,-0.0939507547359
(60, 300),lt,-0.240373159297
(340, 160),rt,-0.24725
(400, 300),up,0
(60, 360),lt,-0.24725
(360, 60),up,-0.021494375
(200, 220),lt,-0.125817913309
(300, 400),dw,0
(240, 60),up,-0.241176170171
(360, 100),lt,-0.0156398751164
(0, 0),up,0
(200, 120),rt,-0.258151999764
(240, 100),lt,-0.201614065569
(120, 400),rt,0
(360, 220),dw,-0.00524878125
(0, 360),dw,0
(380, 80),lt,0
(360, 100),up,-0.258644625079
(240, 320),up,-0.0739744185907
(60, 20),rt,0
(380, 220),lt,0
(300, 360),lt,-0.0313933238642
(260, 240),dw,-0.0622536502533
(120, 160),dw,-0.298124204786
(180, 120),dw,-0.296173378368
(400, 360),rt,0
(120, 180),up,-0.234039242441
(100, 180),rt,-0.272565287098
(40, 300),up,-0.0201516823806
(60, 240),rt,-0.144634344697
(140, 320),lt,-0.136133342629
(20, 200),up,0
(200, 100),rt,-0.28527981952
(400, 340),dw,0
(0, 240),lt,0
(380, 380),dw,0
(120, 220),dw,-0.175404758973
(280, 360),lt,-0.0360435923476
(160, 160),dw,-0.245028303128
(40, 140),rt,-0.225499216143
(260, 140),up,-0.112402196054
(140, 160),dw,-0.273153191291
(120, 40),lt,-5.04903788129
(340, 220),dw,-0.005
(40, 0),dw,0
(20, 340),up,0
(380, 60),rt,0
(80, 160),lt,-0.353456066722
(80, 80),rt,-0.591111219106
(340, 360),rt,-0.24725
(340, 180),lt,-0.005
(400, 180),dw,0
(260, 280),lt,-0.0638316638566
(0, 280),up,0
(40, 260),lt,-5.0
(100, 240),dw,-0.180651243853
(240, 120),lt,-0.178940593467
(200, 80),dw,-0.301712869498
(100, 360),dw,-0.24725
(100, 240),lt,-0.180486824422
(40, 360),rt,-0.0099875
(180, 400),rt,0
(320, 100),lt,-0.0394647885403
(200, 280),dw,-0.105591841341
(360, 300),rt,-5.0
(400, 380),dw,0
(20, 300),rt,0
(220, 280),up,-0.0953536056736
(240, 180),rt,0.393796255881
(240, 300),up,-0.0790005267709
(280, 80),lt,-0.121850973069
(20, 40),dw,0
(360, 0),up,0
(160, 240),lt,-0.116758398278
(300, 340),dw,-0.0604381441096
(260, 340),lt,-0.0676434260066
(100, 140),dw,-0.391008087559
(40, 60),up,-9.18827053272
(400, 140),rt,0
(120, 0),rt,0
(260, 360),up,-0.0399710397689
(100, 400),rt,0
(20, 380),up,0
(20, 180),up,0
(140, 400),dw,0
(220, 400),up,0
(40, 240),up,-0.257187624922
(280, 200),lt,37.1388038688
(280, 260),lt,-0.0329292772416
(220, 260),up,-0.0962827049867
(360, 80),dw,-0.0149737842969
(180, 280),lt,-0.123121503733
(300, 180),lt,0.0232488770911
(320, 400),dw,0
(100, 300),rt,-0.144976039186
(140, 240),lt,-0.129376806027
(140, 160),rt,-0.274619958564
(400, 240),up,0
(320, 80),rt,-0.0465630046875
(300, 240),rt,-0.005
(320, 40),up,-5.0
(200, 0),up,0
(20, 160),up,0
(40, 240),lt,-5.0
(360, 140),lt,-0.0151886867473
(400, 340),rt,0
(220, 320),up,-0.0896619964118
(300, 400),lt,0
(360, 400),rt,0
(20, 380),lt,0
(0, 300),up,0
(400, 260),rt,0
(340, 100),lt,-0.0199474206908
(60, 240),dw,-0.142515848029
(320, 20),lt,0
(320, 340),rt,-0.0563263625
(220, 280),rt,-0.0955745390628
(40, 60),lt,-14.5986606902
(220, 60),up,-0.468717556544
(160, 300),up,-0.134471185673
(20, 300),up,0
(260, 240),rt,-0.0583429741064
(20, 280),dw,0
(400, 40),rt,0
(100, 80),lt,-0.543161045829
(400, 200),lt,0
(0, 60),rt,0
(280, 140),lt,-0.0563555267366
(300, 200),lt,0
(300, 260),up,13.2919958369
(380, 300),lt,0
(260, 200),up,0.0385068337863
(400, 220),rt,0
(200, 200),dw,-0.116271664542
(120, 140),rt,-0.362189014448
(100, 140),rt,-0.391288537353
(320, 100),up,-0.0377745837217
(120, 100),up,-0.458591968827
(80, 80),up,-0.625470180268
(320, 40),dw,-0.0104617933633
(320, 320),up,-0.0394568632573
(380, 260),lt,0
(140, 360),up,-0.0773292173577
(200, 160),lt,-0.197055608338
(100, 120),up,-0.445454818652
(40, 0),up,0
(200, 280),rt,-0.106099919949
(400, 80),lt,0
(40, 360),dw,-0.24725
(360, 40),rt,-5.0
(160, 100),dw,-0.366595854752
(360, 320),dw,-0.0151875921875
(100, 40),lt,-0.938403000044
(20, 180),lt,0
(280, 0),rt,0
(320, 300),lt,-0.036284868609
(360, 280),lt,-0.0154768478055
(60, 280),up,-0.113944766385
(40, 0),lt,0
(40, 380),lt,-5.0
(340, 260),rt,-0.2517625
(280, 360),dw,-0.240373159297
(100, 80),dw,-0.536868450609
(20, 100),dw,0
(40, 180),rt,-0.177076487969
(220, 100),lt,-0.242556582968
(380, 180),rt,0
(180, 340),lt,-0.114435253855
(280, 140),up,-0.05474886239
(320, 400),lt,0
(160, 200),dw,-0.106129302683
(360, 20),rt,0
(220, 240),lt,-0.0990782345936
(120, 360),lt,-0.0738507219426
(180, 240),up,-0.118158259701
(320, 160),dw,-0.01495125
(280, 60),rt,-0.0937495331272
(160, 220),lt,-0.113055967851
(180, 300),up,-0.11926489715
(300, 0),lt,0
(200, 40),dw,-0.0595959609489
(260, 260),lt,-0.0594514470074
(300, 400),up,0
(400, 20),lt,0
(260, 220),dw,-0.0622980687224
(300, 220),lt,0
(260, 220),lt,-0.0634706323292
(180, 180),lt,-0.186384286202
(80, 180),up,-0.10998287312
(260, 120),lt,-0.129708814451
(0, 360),rt,0
(400, 300),lt,0
(340, 320),dw,-0.0249712858633
(380, 200),rt,0
(80, 100),dw,1.20835393128
(360, 220),lt,-0.005
(180, 240),rt,-0.118206011117
(200, 120),dw,-0.260233675081
(340, 140),rt,-0.2405875285
(360, 360),rt,-5.0
(300, 100),dw,33.0196184492
(180, 40),lt,-0.048592641391
(220, 100),dw,-0.242982078046
(240, 260),rt,-0.0749483398415
(100, 220),up,-0.201930346127
(260, 100),rt,-0.152579303952
(400, 0),dw,0
(20, 60),rt,0
(80, 360),up,-0.0941056768528
(60, 280),rt,-0.119833409012
(160, 60),lt,-0.33705557529
(60, 60),rt,-0.73487818434
(400, 320),rt,0
(20, 400),up,0
(320, 240),up,-0.0099875
(60, 320),lt,-0.2425
(260, 280),up,-0.0670315129514
(20, 80),lt,0
(100, 200),up,-0.230987012697
(340, 280),dw,-0.0156917501922
(80, 40),rt,-8.55187930438
(180, 160),lt,-0.224388592584
(380, 180),up,0
(220, 220),up,0.207165972097
(0, 380),rt,0
(320, 100),dw,-0.0346553522667
(400, 80),dw,0
(380, 100),up,0
(200, 280),up,-0.105051904338
(20, 0),rt,0
(100, 20),dw,0
(60, 380),dw,-9.75
(240, 340),lt,-0.0793504731012
(100, 240),up,-0.177386946439
(40, 220),rt,-0.058523557078
(340, 180),up,-0.0102479291369
(200, 20),up,0
(320, 20),up,0
(160, 80),dw,-0.390831178827
(200, 200),up,-0.0912706571489
(400, 200),dw,0
(380, 60),lt,0
(320, 240),lt,-0.0102243754346
(380, 160),up,0
(120, 40),up,-9.76680206278
(340, 400),rt,0
(300, 380),dw,-5.0
(180, 120),up,-0.294143717631
(220, 60),rt,-0.244663573051
(40, 40),dw,-18.3664247796
(40, 100),rt,-0.241930382025
(240, 120),rt,-0.176628101134
(260, 20),dw,0
(80, 240),up,-0.185081588446
(140, 220),up,1.56505282572
(320, 100),rt,-0.04166525
(20, 80),dw,0
(400, 100),dw,0
(60, 80),rt,-0.597019858567
(160, 140),rt,-0.299024702298
(200, 360),rt,-0.0588493840906
(0, 400),lt,0
(260, 240),up,-0.0574301347214
(40, 20),dw,0
(260, 60),rt,-0.146957186299
(160, 40),lt,-0.139470757567
(220, 400),dw,0
(280, 300),rt,-0.0488498650609
(340, 80),dw,-0.024843240926
(320, 400),up,0
(400, 240),dw,0
(0, 180),rt,0
(260, 220),up,-0.0606247324588
(0, 320),rt,0
(160, 20),up,0
(20, 100),up,0
(400, 160),dw,0
(0, 260),lt,0
(260, 260),up,-0.0575104146419
(340, 400),up,0
(280, 40),up,-9.75074912294
(240, 100),up,-0.196836413877
(0, 0),lt,0
(160, 400),dw,0
(240, 60),lt,-0.196362861171
(180, 240),dw,-0.119610453365
(180, 360),up,-0.0638353005652
(100, 160),up,-0.335570307815
(140, 240),rt,-0.125294208615
(300, 140),lt,-0.0104612842969
(180, 200),lt,17.401167767
(400, 280),rt,0
(20, 160),rt,0
(300, 0),dw,0
(300, 340),lt,-0.0537116241788
(160, 220),dw,-0.113170012087
(40, 40),rt,-6.44155570874
(0, 280),dw,0
(100, 120),dw,-0.443236485216
(280, 180),lt,0.000177521264239
(340, 0),dw,0
(360, 300),up,-0.01022440625
(20, 40),rt,0
(20, 380),rt,0
(380, 0),rt,0
(220, 160),dw,0.378606004554
(340, 100),rt,-0.24725
(380, 80),up,0
(160, 180),rt,-0.192713369716
(40, 400),lt,0
(100, 40),up,-14.2686488205
(260, 200),dw,-0.0714900533179
(80, 200),rt,46.4914151668
(40, 60),rt,-1.15665710115
(320, 340),lt,-0.0463408740444
(140, 200),dw,-0.150060808275
(400, 80),up,0
(300, 60),lt,-0.0416913641567
(0, 180),up,0
(100, 80),rt,-0.539022668742
(80, 280),up,-0.165451541362
(140, 360),dw,-0.240666614041
(120, 80),dw,-0.508292376197
(200, 160),up,-0.194255698425
(380, 300),rt,0
(140, 360),lt,-0.0780070710054
(260, 60),up,-0.241278310853
(240, 280),dw,-0.0839995423141
(260, 160),up,-0.082620366448
(120, 100),lt,-0.460364969564
(20, 400),dw,0
(300, 80),dw,16.7351488975
(280, 160),rt,-0.0350908547146
(380, 220),dw,0
(260, 200),lt,36.1278240118
(240, 0),dw,0
(220, 0),rt,0
(0, 120),dw,0
(80, 280),rt,-0.164676491805
(80, 60),up,-1.31728926079
(120, 20),dw,0
(200, 120),lt,-0.258529994052
(80, 220),lt,-0.182999707203
(280, 180),dw,4.57132823576
(140, 40),rt,-5.07755447913
(400, 360),up,0
(180, 380),lt,-0.0104612842969
(260, 380),dw,-5.0
(260, 40),up,-5.0
(340, 100),up,-0.0206742563281
(240, 160),dw,-0.121047424318
(300, 200),dw,0
(180, 180),dw,-0.181439672748
(360, 140),up,-0.0147486683633
(360, 320),rt,-5.0
(300, 120),up,-0.0157349216324
(40, 40),up,-73.4921759806
(400, 360),lt,0
(360, 380),lt,-0.005
(60, 240),lt,-0.239262374102
(320, 160),lt,-0.0152940587218
(200, 40),up,-9.75182137684
(340, 180),dw,-0.0099875
(80, 340),up,-0.147456391532
(160, 360),rt,-0.0690523979572
(40, 160),dw,-0.197841830654
(140, 180),dw,-0.208210837457
(180, 260),lt,-0.116128605928
(180, 280),up,-0.118340855823
(180, 100),up,-0.326724574934
(220, 260),lt,-0.0988045920639
(0, 380),up,0
(180, 340),dw,-0.119491886109
(80, 40),up,-9.9875
(320, 140),up,-0.021073820376
(340, 80),lt,-0.0209017383818
(280, 200),up,0.156136731387
(220, 300),lt,-0.0916640898301
(220, 140),dw,-0.171766368514
(220, 400),lt,0
(220, 20),up,0
(200, 320),dw,-0.102686514316
(300, 240),dw,-0.00524931710938
(300, 220),rt,0
(360, 280),dw,-0.0149737842969
(140, 380),lt,-0.0201287769377
(380, 360),up,0
(120, 80),lt,-0.507084889415
(240, 360),dw,-0.24725
(20, 240),rt,0
(160, 260),lt,-0.121090292519
(80, 380),dw,-5.00475
(200, 140),up,-0.228759023277
(260, 340),up,-0.0684153648192
(200, 320),rt,-0.101963906316
(80, 120),dw,1.51419965979
(260, 80),rt,-0.171866479491
(360, 300),lt,-0.0102356592969
(20, 120),dw,0
(220, 220),rt,-0.104207084858
(360, 180),up,-0.0052375
(260, 360),dw,-0.24036190625
(380, 260),dw,0
(140, 180),rt,-0.208726699338
(240, 120),up,-0.176177892406
(340, 20),rt,0
(40, 260),up,-0.0318691230471
(20, 360),rt,0
(120, 120),up,-0.417285700317
(0, 280),lt,0
(340, 300),dw,-0.0208032377467
(400, 140),lt,0
(100, 20),up,0
(240, 400),dw,0
(300, 140),dw,68.2937030723
(380, 80),rt,0
(320, 20),dw,0
(280, 60),up,-0.24725
(20, 120),lt,0
(360, 300),dw,-0.0154244406916
(180, 400),dw,0
(220, 380),dw,-5.0
(320, 60),rt,-0.04166525
(100, 360),rt,-0.0849576939296
(380, 360),lt,0
(260, 380),rt,-0.010213125
(360, 360),up,-0.0149737842969
(100, 240),rt,-0.179091952034
(340, 280),lt,-0.015862748207
(240, 340),rt,-0.0790961607106
(340, 360),dw,-0.24725
(140, 320),rt,-0.135246215685
(40, 280),up,-0.0209628421922
(20, 320),rt,0
(320, 200),up,0
(160, 60),dw,-0.326960260138
(0, 100),dw,0
(260, 140),lt,-0.115790800552
(120, 380),rt,-0.0154351310861
(280, 160),dw,3.40545018602
(40, 140),dw,-0.227740910804
(400, 320),up,0
(360, 340),lt,-0.0102480332126
(320, 240),rt,-0.005
(80, 120),up,-0.444510499097
(300, 180),dw,98.9441163102
(340, 400),lt,0
(360, 200),dw,-0.00524931710938
(180, 80),up,-0.350667174516
(140, 100),rt,-0.411056304298
(320, 200),rt,0
(320, 340),up,-0.0444335473585
(40, 120),rt,-0.213659007718
(180, 120),lt,-0.298758838199
(340, 280),up,-0.019913871875
(400, 300),dw,0
(40, 260),rt,-0.0327097951466
(60, 160),dw,-0.307707687242
(280, 40),dw,-0.0242674547548
(0, 60),lt,0
(140, 180),up,-0.206712220992
(260, 40),dw,-0.0488178993882
(380, 320),lt,0
(60, 200),lt,-0.187348023642
(340, 40),lt,-0.0102362207248
(120, 200),up,-0.174843046277
(100, 0),up,0
(0, 140),lt,0
(360, 200),up,-0.00524878125
(220, 360),dw,-0.251998842187
(40, 80),up,-0.489807685525
(200, 280),lt,-0.108171929126
(300, 400),rt,0
(60, 380),lt,-0.24725
(120, 300),up,-0.143258696192
(140, 300),up,-0.139446178184
(180, 160),up,-0.222264740611
(340, 160),dw,-0.01496253125
(200, 140),lt,-0.234590445716
(20, 80),up,0
(220, 200),lt,22.1756170674
(160, 400),rt,0
(40, 300),dw,-0.0201389328125
(340, 240),rt,-0.24725
(120, 80),up,-0.515715534024
(80, 360),rt,-0.0909150364325
(360, 20),up,0
(380, 400),rt,0
(280, 200),rt,95.3371730881
(380, 120),up,0
(380, 160),rt,0
(220, 20),lt,0
(120, 40),dw,-0.614433436263
(180, 280),rt,-0.11837435086
(400, 240),rt,0
(200, 400),dw,0
(100, 40),dw,-5.01018759219
(100, 100),dw,-0.48946415191
(160, 160),lt,-0.247854618688
(0, 160),dw,0
(180, 0),lt,0
(340, 220),up,-0.005
(240, 300),rt,-0.0789827869278
(260, 60),dw,-0.149037312059
(140, 200),lt,17.447539385
(340, 300),up,-0.0201389328125
(180, 100),lt,-0.324909391081
(400, 400),up,0
(200, 140),dw,-0.228925477185
(60, 180),dw,-0.235778215325
(360, 320),up,-0.014725625
(360, 200),lt,0.0167609375
(140, 120),lt,-0.377477577861
(120, 400),lt,0
(360, 400),up,0
(300, 300),up,-0.0240354757829
(300, 60),rt,-0.0396626203632
(140, 280),dw,-0.141083168018
(0, 40),lt,0
(300, 120),rt,-0.0199469383504
(160, 360),up,-0.0692946677596
(40, 200),dw,-0.273510555453
(320, 120),up,-0.0253099006039
(140, 80),dw,-0.446298513229
(320, 360),rt,-0.021494375
(60, 100),dw,-0.528256575802
(380, 240),rt,0
(120, 100),rt,-0.4589009557
(260, 40),lt,-5.03619471481
(280, 220),dw,-0.0314166049449
(160, 220),up,-0.0786164957056
(240, 380),lt,-0.0102249675627
(260, 260),dw,-0.0573720272909
(80, 340),dw,-0.147720270808
(220, 240),up,-0.0972001881994
(80, 60),lt,-0.681447069499
(380, 320),dw,0
(100, 280),dw,-0.156049030677
(260, 0),lt,0
(320, 140),dw,-0.0248111174961
(320, 300),rt,-0.0457688610938
(40, 340),rt,-0.0126949399779
(360, 140),dw,-0.0147374421094
(380, 340),rt,0
(180, 380),rt,-0.0102249421094
(400, 80),rt,0
(160, 0),up,0
(40, 140),lt,-5.0
(360, 80),up,-5.23513684377
(20, 340),rt,0
(180, 220),dw,-0.126960911513
(400, 20),rt,0
(60, 60),lt,-1.04304527311
(220, 0),up,0
(300, 260),lt,-0.0105083233429
(100, 40),rt,-0.80924199466
(360, 120),up,-0.0270089869569
(160, 180),up,-0.192691531425
(300, 60),up,-0.24725
(180, 60),dw,-0.29947956262
(380, 160),dw,0
(60, 20),lt,0
(100, 320),lt,-0.14469440294
(20, 60),dw,0
(260, 100),dw,-0.153491991536
(280, 280),lt,-0.0381506665748
(180, 400),lt,0
(200, 240),lt,-0.116840239141
(20, 260),dw,0
(180, 320),rt,-0.11106970148
(280, 180),up,0.138331754508
(180, 40),rt,-0.0461728264975
(200, 180),lt,-0.153926700438
(300, 100),rt,-0.0316785776423
(200, 160),dw,-0.194861549339
(340, 140),dw,-0.0196888109375
(220, 360),rt,-0.0579412267325
(360, 160),rt,-5.0
(280, 20),dw,0
(360, 100),rt,-5.0
(240, 100),rt,-0.195037524813
(200, 80),up,-0.323281297683
(260, 260),rt,-0.0382077658322
(140, 260),dw,-0.13084475231
(60, 320),rt,-0.1002749671
(220, 60),lt,-0.244072339616
(60, 0),up,0
(260, 320),rt,-0.0658192170391
(180, 360),lt,-0.0568992681783
(20, 340),dw,0
(320, 40),lt,-0.0104731050154
(280, 240),rt,-0.0350908547146
(320, 340),dw,-0.0418795415037
(40, 260),dw,-0.0292283291541
(380, 380),up,0
(240, 240),dw,-0.0776428057978
(200, 300),rt,-0.103928901361
(20, 0),up,0
(40, 360),up,-0.0099875
(320, 380),up,-0.0102356592969
(200, 340),dw,-0.0994860961884
(360, 240),lt,-0.0102581090568
(140, 160),lt,-0.272643037569
(0, 400),up,0
(60, 180),rt,-0.247906318975
(20, 100),rt,0
(60, 120),lt,-0.632356507829
(260, 400),dw,0
(280, 360),rt,-0.0345802321277
(140, 300),rt,-0.141194829481
(0, 320),lt,0
(400, 220),up,0
(0, 100),rt,0
(280, 120),up,-0.0646156023837
(160, 60),rt,-0.326249292443
(220, 320),dw,-0.0897880257198
(60, 40),up,-30.4763409353
(400, 260),lt,0
(80, 240),lt,-0.185347665565
(100, 400),lt,0
(200, 0),dw,0
(200, 260),rt,-0.107730640586
(280, 200),dw,-0.0444695929054
(160, 300),dw,-0.130317906858
(80, 100),lt,-0.536829248184
(360, 40),dw,-0.0099875
(280, 400),dw,0
(140, 60),dw,-0.56782448143
(380, 80),dw,0
(200, 20),lt,0
(60, 160),up,-0.33531805158
(160, 40),rt,-0.0695212499405
(0, 160),up,0
(180, 20),rt,0
(240, 20),rt,0
(200, 200),rt,76.3165381456
(280, 80),dw,-0.119150146927
(180, 80),rt,-0.34409588093
(20, 360),dw,0
(220, 180),lt,-0.115315093797
(300, 160),rt,-0.005
(220, 240),dw,-0.0976040853051
(40, 220),up,-5.00996253125
(20, 160),dw,0
(340, 340),up,-0.0252733982213
(260, 80),dw,-0.171915000671
(120, 380),up,-0.0170603493261
(60, 340),dw,-0.104701139015
(360, 0),dw,0
(60, 340),lt,-0.2425
(20, 400),lt,0
(40, 280),rt,-0.0254605841223
(320, 200),dw,0
(380, 220),up,0
(280, 320),up,-0.0548184386638
(140, 100),dw,-0.409272697339
(160, 100),up,-0.372422173576
(320, 280),up,-0.0289050563281
(80, 260),up,-0.175593282135
(280, 360),up,-0.039181482397
(300, 180),rt,-0.0052375
(100, 360),up,-0.0891474547519
(0, 220),rt,0
(380, 380),lt,0
(120, 140),lt,-0.366966706136
(240, 220),rt,-0.0746968326694
(100, 200),dw,-0.120094388394
(380, 280),up,0
(380, 340),up,0
(200, 380),lt,-0.0104832531916
(60, 0),dw,0
(280, 100),up,-0.0950684188944
(60, 340),up,-0.100368802764
(220, 200),rt,81.6123055431
(320, 180),lt,-0.00975
(200, 400),up,0
(380, 20),rt,0
(360, 240),up,-0.00975
(220, 120),up,-0.218115915899
(260, 120),up,-0.13486454827
(260, 100),lt,-0.155153566876
(80, 180),lt,-0.277163853987
(240, 240),up,-0.0801352827171
(280, 380),up,-0.01022440625
(240, 80),lt,-0.217410049393
(80, 140),up,-0.314742231198
(60, 180),up,-0.271296143922
(300, 320),up,-0.0491431278137
(360, 260),lt,-0.0102362204724
(60, 400),lt,0
(380, 40),dw,0
(320, 300),up,-0.0344213266322
(80, 300),up,-0.154693821462
(140, 260),up,-0.10184816285
(300, 200),rt,0
(180, 100),rt,-0.326600645197
(320, 260),up,-0.01496253125
(180, 240),lt,-0.116138525982
(300, 340),rt,-0.050223903713
(340, 260),lt,-0.015435662729
(40, 80),dw,-0.250793686865
(20, 240),up,0
(140, 40),dw,-4.57456495676
(20, 300),dw,0
(220, 100),up,-0.240775191925
(180, 140),lt,-0.267169784699
(60, 0),rt,0
(300, 320),rt,-0.0455208466716
(220, 0),dw,0
(200, 80),rt,-0.300073300264
(60, 280),lt,-0.24725
(40, 340),dw,-0.0099875
(340, 340),dw,-0.0262325
(400, 40),up,0
(280, 400),up,0
(220, 360),up,-0.059470608314
(240, 300),dw,-0.0792213566415
(300, 280),rt,0.185642086634
(260, 300),dw,-0.0669032485393
(160, 120),dw,-0.33456059065
(60, 220),up,-0.337602614025
(140, 260),lt,-0.131825016441
(360, 120),dw,-0.01495125
(140, 0),rt,0
(360, 280),rt,-5.0
(360, 180),dw,-0.009975625
(80, 60),rt,-0.671312040326
(300, 360),up,-0.0275798296172
(380, 200),lt,0
(180, 220),up,-0.127414267568
(320, 360),dw,-0.24725
(220, 220),lt,-0.106608004661
(180, 260),rt,-0.118402083661
(260, 200),rt,91.8285452686
(100, 180),lt,-0.268941593808
(320, 80),lt,-0.0413320285941
(380, 140),up,0
(180, 340),rt,-0.11554295662
(120, 280),dw,-0.149816658732
(360, 40),up,-5.0
(120, 280),lt,-0.150844684078
(220, 40),dw,-5.0
(160, 360),dw,-0.240373159297
(340, 120),lt,-0.0154249216924
(100, 120),rt,-0.443336349232
(300, 260),rt,-0.0099875
(200, 380),up,-0.0149743442063
(160, 220),rt,-0.116602787497
(240, 20),dw,0
(140, 380),rt,-0.0151988452344
(20, 60),lt,0
(100, 80),up,-0.541519266628
(160, 60),up,-0.468690691012
(120, 320),up,-0.138189699683
(160, 260),rt,-0.122290516495
(320, 360),up,-0.0211110932084
(100, 360),lt,-0.0857848965448
(380, 340),dw,0
(0, 300),lt,0
(240, 40),lt,-0.0547451652938
(140, 280),up,-0.138131368928
(120, 60),rt,-0.578050928984
(280, 320),lt,-0.0533496691573
(400, 120),dw,0
(20, 220),up,0
(280, 100),dw,-0.054210541135
(140, 0),up,0
(0, 180),dw,0
(180, 300),lt,-0.115338411251
(80, 0),rt,0
(240, 180),lt,-0.0853400613471
(280, 300),dw,-0.0512722630216
(240, 340),dw,-0.0873526775948
(40, 20),rt,0
(120, 220),lt,-0.179522740994
(160, 140),dw,-0.298709386542
(120, 0),lt,0
(60, 80),dw,-0.575849251536
(120, 80),rt,-0.507321615149
(140, 340),rt,-0.136030271381
(240, 0),up,0
(40, 100),dw,-0.227172351104
(380, 400),dw,0
(100, 160),rt,-0.333856543452
(120, 140),up,-0.364442092208
(400, 320),dw,0
(200, 360),up,-0.0591180100513
(20, 20),up,0
(240, 100),dw,-0.198363024638
(120, 340),up,-0.144070143036
(60, 40),lt,-10.1244651067
(360, 100),dw,-0.0151875921875
(80, 360),dw,-0.245088721797
(280, 380),rt,-0.00975
(320, 380),lt,-0.005
(0, 320),up,0
(400, 280),dw,0
(80, 200),lt,5.51686075138
(240, 180),up,-0.0904694385232
(160, 120),up,-0.335479079852
(100, 60),dw,-0.734198841693
(340, 240),lt,-0.0106970327746
(180, 320),dw,-0.110193256844
(80, 400),lt,0
(0, 380),dw,0
(340, 280),rt,-0.24036190625
(260, 180),lt,-0.0528717011465
(80, 260),lt,-0.17433004071
(200, 100),up,-0.286928033321
(120, 240),lt,-0.162421588692
(140, 140),dw,-0.330881530367
(200, 60),lt,-0.270930272082
(240, 40),up,-9.75201035925
(100, 380),dw,-5.0
(380, 40),rt,0
(400, 280),lt,0
(0, 140),rt,0
(360, 360),lt,-0.0099875
(280, 120),dw,0.52172433744
(400, 220),lt,0
(400, 400),dw,0
(0, 120),up,0
(360, 220),up,-0.00999931710938
(360, 380),rt,-5.0
(140, 320),up,-0.139011678305
(140, 140),rt,-0.329704702649
(380, 20),dw,0
(220, 40),lt,-0.086752015294
(220, 340),up,-0.0964264527166
(380, 320),rt,0
(300, 80),up,0.0888934849484
(240, 140),rt,-0.152527915471
(200, 340),up,-0.104188840291
(320, 20),rt,0
(260, 380),up,-0.0154792001975
(400, 320),lt,0
(240, 280),up,-0.0794743771744
(320, 60),up,-0.2425
(360, 40),lt,-0.00524934383817
(380, 200),dw,0
(100, 60),rt,-0.616840197335
(300, 160),up,-0.01022440625
(380, 240),lt,0
(20, 140),lt,0
(20, 320),up,0
(40, 180),lt,-5.0
(0, 160),rt,0
(20, 280),lt,0
(140, 80),rt,-0.446787449116
(200, 220),up,-0.125887442159
(360, 60),lt,-0.0104505937717
(300, 120),dw,50.5035682429
(280, 160),lt,-0.0387265084324
(20, 0),lt,0
(0, 80),up,0
(80, 320),rt,-0.146835616507
