(280, 340),lt,-4.89371464969
(240, 400),rt,0
(0, 360),up,0
(200, 260),up,-9.49897719348
(200, 320),up,-7.58861170777
(100, 20),rt,0
(140, 340),dw,-8.70765057246
(180, 140),up,-11.709298284
(280, 320),dw,-0.677103076163
(160, 340),dw,-7.71725501792
(260, 0),up,0
(120, 180),dw,-44.5144696934
(80, 40),dw,-53.078086108
(260, 20),lt,0
(360, 60),dw,-12.7721656945
(340, 0),up,0
(20, 240),lt,0
(180, 280),dw,-9.21485536284
(400, 100),rt,0
(120, 20),lt,0
(100, 340),lt,-15.6830874325
(400, 400),rt,0
(160, 100),rt,-11.9336300277
(100, 100),lt,0
(60, 220),dw,-14.0684846814
(340, 20),lt,0
(280, 240),up,0
(100, 60),up,0
(200, 240),dw,-9.90029810197
(140, 20),lt,0
(280, 280),dw,0
(120, 260),lt,0
(120, 140),dw,-12.1767774595
(0, 200),rt,0
(260, 320),lt,-10.3526839121
(60, 260),up,-14.1526808274
(100, 340),dw,-12.5494640348
(120, 340),dw,0
(280, 240),lt,0
(220, 380),up,-6.01867855183
(180, 60),lt,-11.802548229
(160, 320),dw,-8.29179713746
(260, 40),rt,-14.1880527726
(340, 320),rt,94.6784685186
(200, 300),lt,-8.45061610233
(60, 160),rt,-14.2044444195
(220, 280),dw,-6.32088753074
(200, 40),rt,-9.40157752071
(320, 280),lt,0
(380, 120),lt,0
(320, 160),rt,-11.3765754414
(220, 140),lt,-11.5754678136
(200, 180),rt,-11.1331208359
(120, 280),rt,0
(180, 260),dw,-9.70443960074
(120, 380),lt,0
(380, 0),lt,0
(140, 300),lt,-14.2774246011
(40, 220),lt,-31.6239722981
(360, 120),rt,0
(40, 80),lt,-74.2401980342
(340, 260),dw,0
(400, 120),up,0
(160, 120),rt,-11.8888497062
(100, 260),lt,-14.4811749538
(320, 40),rt,-9.65369487569
(200, 260),lt,-9.47075357831
(20, 320),dw,0
(0, 300),rt,0
(140, 320),dw,-7.74808095203
(40, 120),lt,-63.8307670559
(340, 60),rt,-11.9901931868
(340, 40),up,-14.3386391155
(300, 380),lt,-3.12597048326
(400, 160),up,0
(0, 340),dw,0
(140, 400),rt,0
(300, 360),dw,-4.99534181384
(160, 280),lt,-9.34581511228
(300, 240),up,0
(380, 0),up,0
(100, 400),dw,0
(160, 140),lt,-11.8922641251
(100, 300),up,-12.5825227139
(80, 380),up,-12.7795673939
(180, 80),lt,-11.8710046304
(180, 100),dw,-11.8435860674
(260, 400),lt,0
(80, 100),rt,0
(340, 340),lt,-3.96543088329
(280, 300),lt,0
(240, 180),dw,-28.2058411748
(280, 120),lt,-10.2411568597
(120, 200),dw,0
(240, 280),lt,0
(400, 380),rt,0
(300, 300),rt,0
(60, 120),up,0
(140, 100),lt,-12.284322348
(220, 40),up,-19.4991845294
(20, 120),rt,0
(320, 200),lt,0
(260, 180),dw,-27.4896515439
(380, 400),lt,0
(300, 100),up,0
(160, 0),dw,0
(80, 380),rt,-13.0063087074
(320, 220),up,0
(20, 20),dw,0
(240, 300),lt,0
(120, 60),up,-21.2064693541
(140, 400),up,0
(60, 120),rt,0
(60, 80),up,0
(20, 20),rt,0
(100, 220),lt,-13.7128156361
(340, 60),up,-12.0444139593
(360, 80),rt,-14.96253125
(40, 280),dw,-17.5196535233
(200, 180),dw,-11.1362077749
(80, 240),rt,-14.4548275945
(360, 0),rt,0
(40, 100),up,-36.8235760333
(60, 340),rt,-14.0559581214
(280, 300),up,0
(260, 180),rt,-15.1964278594
(180, 120),rt,-11.7864565204
(380, 100),rt,0
(180, 400),up,0
(200, 60),rt,-11.7132038482
(340, 200),lt,0
(300, 300),dw,0
(100, 0),rt,0
(380, 160),lt,0
(160, 140),up,-11.8681296585
(120, 200),rt,0
(120, 0),dw,0
(100, 220),dw,-15.1676200943
(160, 80),up,-11.9519577294
(180, 20),dw,0
(160, 280),up,-9.35028435774
(140, 220),rt,-10.0188044366
(320, 0),lt,0
(200, 380),rt,-5.7608668823
(220, 0),lt,0
(40, 120),up,-32.3862291402
(220, 80),dw,-11.7589923644
(280, 400),rt,0
(380, 320),up,0
(100, 280),lt,-13.907859544
(100, 260),up,-14.3332399745
(300, 20),up,0
(400, 120),lt,0
(120, 220),up,0
(0, 20),lt,0
(180, 260),up,-9.74515786953
(100, 100),up,0
(300, 120),lt,0
(240, 200),dw,0
(20, 400),rt,0
(80, 80),dw,0
(240, 380),dw,-14.5612018365
(60, 240),up,-14.1560958069
(140, 0),lt,0
(360, 60),rt,-14.8039559827
(340, 220),rt,0
(140, 300),dw,-7.63701171096
(120, 180),rt,-15.5530829977
(260, 100),up,-11.6427478356
(160, 80),lt,-11.9724741366
(160, 340),rt,-7.11669386309
(380, 280),lt,0
(160, 160),rt,-11.8280479151
(240, 260),up,0
(160, 20),dw,0
(140, 280),lt,-9.80342351719
(400, 0),up,0
(380, 0),dw,0
(140, 200),rt,-12.8151240959
(80, 180),dw,-13.9443557344
(340, 140),up,-19.0719783669
(160, 360),lt,-7.22479770276
(160, 180),dw,-11.4858089789
(40, 340),lt,-14.7569335093
(160, 400),up,0
(360, 160),lt,-13.5109432561
(40, 320),dw,-14.310211341
(80, 140),rt,-20.0898932526
(200, 120),up,-11.6807255127
(240, 240),rt,0
(20, 260),lt,0
(100, 180),dw,-13.7275995324
(340, 0),rt,0
(140, 60),up,-13.2704488672
(60, 260),lt,-14.4197692938
(160, 380),up,-5.07634013787
(120, 300),rt,0
(20, 60),up,0
(280, 240),dw,0
(120, 160),rt,-12.5493882011
(120, 260),up,0
(140, 20),up,0
(240, 80),rt,-11.7653017828
(60, 20),dw,0
(400, 100),lt,0
(140, 260),rt,-13.4823213624
(340, 20),up,0
(100, 340),rt,-14.5828500971
(260, 300),lt,0
(180, 0),up,0
(60, 400),rt,0
(400, 400),lt,0
(120, 60),lt,-31.9112226497
(0, 220),up,0
(80, 320),up,-14.0092729986
(0, 80),rt,0
(400, 180),rt,0
(40, 320),lt,-23.7958218238
(360, 160),dw,-11.1894454089
(60, 300),rt,-14.1271082547
(180, 220),lt,-10.6223159776
(320, 220),lt,0
(300, 320),dw,-0.79789963581
(400, 380),up,0
(200, 220),rt,-10.4907499126
(260, 80),lt,-11.7213599867
(60, 220),lt,-14.701634025
(140, 80),up,-12.1039810951
(260, 0),rt,0
(20, 20),lt,0
(300, 100),lt,0
(220, 200),up,-12.633490038
(180, 140),rt,-11.7096445515
(160, 340),up,-7.87469580613
(120, 260),rt,0
(40, 400),up,0
(220, 360),lt,-6.35242615787
(20, 360),lt,0
(60, 380),up,-10.1823663536
(340, 380),lt,-1.82266904886
(360, 240),dw,-0.435271885159
(60, 40),dw,-87.8222249587
(260, 160),dw,-11.851129024
(180, 60),rt,-11.7809413283
(240, 200),lt,0
(340, 40),dw,-9.63162036887
(260, 400),up,0
(200, 20),dw,0
(320, 320),lt,24.0133181616
(220, 340),rt,-5.20924614991
(100, 320),rt,-27.0390276866
(180, 20),up,0
(280, 320),rt,73.2291928815
(240, 160),lt,-11.5167776326
(40, 180),up,-13.2637885768
(0, 40),dw,0
(340, 260),up,0
(220, 120),dw,-11.6773246858
(80, 300),lt,-14.0708288503
(160, 200),lt,-11.6925317466
(20, 280),up,0
(20, 320),lt,0
(180, 20),lt,0
(0, 260),up,0
(60, 180),lt,-14.6913913629
(20, 140),up,0
(300, 160),lt,-11.3718778467
(40, 220),dw,-13.0819549975
(360, 340),up,95.1690987528
(60, 100),rt,0
(200, 400),lt,0
(20, 0),dw,0
(160, 40),up,-43.4792063076
(200, 340),lt,-6.9769792421
(100, 160),dw,-13.085533622
(20, 360),up,0
(320, 360),lt,-4.61853263812
(400, 100),up,0
(300, 60),dw,-11.9239431563
(240, 40),rt,-16.3164385173
(40, 280),lt,-19.7057531984
(240, 220),up,0
(320, 300),dw,0
(260, 20),up,0
(40, 160),up,-22.1453290548
(240, 0),lt,0
(260, 80),up,-11.7481780301
(380, 240),up,0
(300, 40),lt,-13.2060787693
(220, 140),up,-11.5828693847
(260, 160),rt,-11.4697017088
(40, 320),up,-12.682125605
(260, 340),rt,-4.84809017042
(0, 220),lt,0
(200, 300),up,-8.47692086977
(60, 40),rt,-31.3144206972
(380, 340),lt,0
(40, 300),lt,-23.9945615301
(260, 180),up,-11.1328590227
(220, 180),dw,-11.9217294589
(260, 360),lt,-5.47136395628
(260, 300),up,0
(280, 120),rt,-31.5049625705
(120, 240),dw,0
(240, 20),lt,0
(200, 200),lt,-10.889105281
(320, 60),lt,-11.9884601959
(240, 140),lt,-11.6487826138
(120, 260),dw,0
(100, 380),rt,-23.5090333268
(240, 260),dw,0
(160, 0),lt,0
(260, 320),up,-16.7293660415
(320, 220),dw,0
(320, 180),up,-8.57639554013
(160, 380),lt,-5.08243940355
(140, 60),lt,-12.2670785066
(280, 260),rt,0
(100, 60),lt,0
(380, 240),dw,0
(320, 320),dw,-1.54329177727
(160, 400),lt,0
(260, 360),rt,-5.42757390904
(80, 0),up,0
(260, 280),dw,0
(60, 140),up,-24.1640685442
(40, 240),rt,-17.7539949452
(220, 40),rt,-11.2582992689
(280, 60),dw,-11.7162276791
(240, 400),lt,0
(0, 400),dw,0
(80, 140),dw,-18.8868548513
(160, 280),dw,-9.33920911519
(100, 400),up,0
(280, 40),rt,-9.97236946963
(0, 20),up,0
(120, 0),up,0
(300, 20),lt,0
(120, 360),dw,0
(320, 140),lt,-12.1735308557
(120, 320),rt,0
(40, 120),dw,-25.6332818742
(160, 20),rt,0
(40, 180),dw,-13.354051424
(80, 400),rt,0
(140, 0),dw,0
(380, 40),up,0
(280, 340),up,-4.91548971666
(320, 260),dw,0
(80, 340),lt,-14.003296022
(80, 260),rt,-14.1300831329
(320, 240),dw,0
(220, 160),up,-11.4674954015
(380, 140),rt,0
(160, 240),dw,-10.2368820248
(400, 20),up,0
(220, 80),rt,-11.7647233268
(80, 220),dw,-14.1020281863
(300, 0),up,0
(180, 380),up,-7.89114866297
(200, 380),dw,-14.4384440576
(400, 120),rt,0
(320, 180),rt,-8.90703925749
(120, 360),up,0
(200, 80),lt,-11.7849844292
(400, 60),rt,0
(220, 380),rt,-6.00172390872
(160, 320),lt,-9.07326074788
(300, 80),lt,-12.8280662854
(180, 340),up,-7.34994995254
(180, 0),dw,0
(20, 140),rt,0
(80, 160),dw,-13.8006402011
(20, 200),rt,0
(300, 280),lt,0
(100, 0),dw,0
(360, 260),rt,-5.0
(200, 60),dw,-11.7351734161
(380, 380),rt,0
(140, 20),dw,0
(20, 280),rt,0
(360, 280),up,-0.0524931710938
(340, 300),rt,0
(140, 380),dw,-9.81438876247
(400, 280),up,0
(300, 260),dw,0
(160, 380),dw,-9.94795362852
(320, 400),rt,0
(120, 240),up,0
(260, 20),rt,0
(200, 100),lt,-11.750022786
(60, 360),rt,-14.0084645889
(100, 320),up,-11.897066736
(180, 320),lt,-8.12139382553
(220, 160),lt,-11.4564782258
(240, 340),up,-5.97658827367
(100, 200),rt,-35.5071296171
(360, 120),lt,0
(340, 240),up,0
(160, 120),lt,-11.9025040362
(60, 140),dw,-19.1647076678
(240, 360),rt,-5.91653041967
(80, 80),lt,0
(260, 120),rt,-12.2240301128
(300, 40),dw,-10.0736518911
(260, 300),rt,0
(400, 220),dw,0
(320, 0),up,0
(300, 220),dw,0
(140, 340),lt,-14.327112855
(300, 200),up,0
(300, 140),up,-30.6152541568
(220, 140),rt,-11.5778473469
(40, 200),lt,-35.0335307953
(300, 20),dw,0
(100, 160),lt,-13.1052277943
(240, 400),up,0
(380, 20),up,0
(20, 300),lt,0
(400, 60),up,0
(160, 300),lt,-9.1032082964
(0, 240),rt,0
(0, 260),dw,0
(400, 160),lt,0
(60, 140),lt,-20.1056054324
(60, 400),up,0
(300, 160),dw,-11.7273971858
(340, 380),rt,-1.96850354165
(220, 320),lt,-6.8996179485
(40, 80),rt,-71.5078929765
(80, 0),lt,0
(340, 120),rt,0
(240, 80),up,-11.762477494
(140, 20),rt,0
(20, 100),lt,0
(380, 20),lt,0
(280, 380),lt,-4.65321806884
(0, 40),up,0
(40, 340),up,-14.152498291
(20, 160),lt,0
(80, 160),rt,-13.3935965098
(300, 300),lt,0
(0, 100),lt,0
(400, 40),dw,0
(220, 120),lt,-11.6982702813
(360, 360),dw,-0.3729940625
(260, 280),rt,0
(280, 100),lt,-10.5605528191
(240, 160),rt,-11.5189074006
(0, 340),rt,0
(320, 280),rt,0
(140, 200),up,-11.5569013742
(240, 20),up,0
(140, 140),up,-12.0549272171
(20, 220),lt,0
(20, 180),dw,0
(0, 300),dw,0
(40, 400),dw,0
(0, 120),rt,0
(360, 180),lt,-10.8087435697
(160, 240),rt,-10.2550755138
(300, 380),rt,-5.93946415117
(180, 300),rt,-8.68461428511
(380, 140),dw,0
(260, 400),rt,0
(180, 60),up,-12.3601246067
(140, 140),lt,-12.0664342578
(240, 280),rt,0
(20, 40),up,0
(120, 220),rt,0
(200, 340),rt,-5.49664401879
(300, 320),lt,7.40703411319
(100, 260),rt,-23.4846283785
(240, 140),up,-11.6327877285
(320, 260),lt,0
(200, 100),dw,-11.754732988
(360, 0),lt,0
(380, 60),up,0
(80, 400),dw,0
(340, 120),up,0
(200, 300),dw,-8.21016773354
(380, 100),lt,0
(0, 100),up,0
(100, 0),lt,0
(120, 20),up,0
(340, 100),dw,0
(160, 280),rt,-9.34382421946
(0, 160),lt,0
(20, 380),dw,0
(260, 320),dw,-6.55306494724
(0, 400),rt,0
(360, 220),rt,-5.0
(80, 20),up,0
(120, 340),rt,0
(60, 320),dw,-14.0896696198
(320, 0),dw,0
(160, 200),up,-11.1467938083
(280, 80),rt,-11.5020646236
(0, 60),up,0
(80, 160),up,-14.9130855911
(280, 20),rt,0
(160, 40),dw,-11.8427862639
(260, 140),dw,-11.6447294962
(80, 20),lt,0
(240, 220),lt,0
(40, 200),up,-11.3404506169
(140, 60),rt,-11.9662711039
(140, 340),up,-6.69561852641
(0, 60),dw,0
(0, 240),up,0
(200, 0),rt,0
(280, 140),rt,-11.958519308
(340, 380),up,-1.84790339339
(160, 340),lt,-7.97613215279
(0, 20),dw,0
(120, 240),rt,0
(140, 80),lt,-12.6152669817
(240, 320),lt,-10.8923234856
(320, 380),rt,-1.76025665455
(260, 340),dw,-5.07804662785
(300, 220),up,0
(360, 260),up,-0.166003391851
(280, 340),dw,-4.91447427107
(340, 200),rt,0
(360, 400),dw,0
(360, 140),rt,-14.8763917446
(140, 120),dw,-11.9612370454
(100, 220),rt,-19.3139287908
(320, 60),dw,-12.3231878862
(320, 140),rt,-12.1284967686
(280, 60),lt,-11.7304735561
(240, 240),lt,0
(100, 280),rt,-19.7307196052
(240, 40),dw,-12.5022540211
(60, 0),lt,0
(60, 360),up,-13.8538466781
(100, 20),lt,0
(300, 280),dw,0
(320, 80),dw,-23.0330121764
(80, 340),rt,-14.0449574928
(220, 60),dw,-11.6913349713
(120, 120),lt,-19.3091260259
(280, 220),rt,0
(160, 320),up,-8.32582110339
(20, 260),up,0
(400, 200),rt,0
(40, 380),rt,-11.7749624895
(160, 80),rt,-11.9581815089
(60, 260),dw,-14.156831889
(140, 280),rt,-13.6657132585
(340, 140),lt,-10.1224228166
(280, 280),up,0
(200, 60),up,-11.8516306947
(400, 0),lt,0
(220, 300),dw,-11.1184621221
(200, 160),rt,-11.3911074077
(340, 320),up,-3.59077962175
(240, 140),dw,-11.6334094064
(80, 360),lt,-14.0568253075
(160, 260),up,-9.82408693275
(280, 340),rt,-4.02950944734
(20, 260),rt,0
(80, 400),up,0
(320, 80),up,-10.581711921
(100, 120),lt,0
(80, 200),up,-14.0391660459
(0, 20),rt,0
(0, 140),dw,0
(0, 200),lt,0
(240, 380),up,-9.10664549658
(100, 280),up,-15.793147394
(280, 140),dw,-11.2833906109
(0, 380),lt,0
(340, 380),dw,-9.76057033383
(380, 300),up,0
(340, 320),lt,27.0764092258
(180, 220),rt,-10.6021595428
(120, 20),rt,0
(60, 160),lt,-15.1293469158
(400, 200),up,0
(180, 140),dw,-11.7092707763
(380, 40),lt,0
(320, 160),up,-11.4032314701
(220, 100),rt,-11.7556499838
(280, 220),up,0
(100, 100),rt,0
(180, 380),dw,-9.9875
(220, 300),rt,-26.9923147685
(380, 60),dw,0
(60, 300),dw,-14.1052184933
(280, 380),dw,-9.95138185527
(0, 80),dw,0
(400, 260),up,0
(60, 260),rt,-14.1620037994
(80, 300),dw,-14.0438146396
(120, 400),up,0
(240, 80),dw,-11.7467909202
(260, 220),rt,0
(240, 220),dw,0
(180, 160),rt,-11.5527612145
(380, 220),rt,0
(40, 200),rt,-11.3118038156
(140, 240),up,-7.62209891441
(400, 300),rt,0
(340, 60),lt,-11.9128100731
(40, 320),rt,-12.609304278
(400, 160),rt,0
(380, 120),rt,0
(140, 400),lt,0
(160, 200),rt,-11.0900101583
(40, 360),lt,-19.5809363967
(280, 260),up,0
(260, 60),lt,-11.7307469669
(380, 180),dw,0
(300, 280),up,0
(180, 360),dw,-7.13836177445
(60, 120),dw,0
(0, 180),lt,0
(120, 380),dw,0
(100, 380),lt,-18.2040937739
(300, 40),up,-24.0673785286
(40, 160),lt,-32.3594191511
(200, 400),rt,0
(120, 40),rt,-23.9924978197
(280, 0),dw,0
(280, 100),rt,-39.2433750968
(240, 200),rt,0
(280, 20),up,0
(400, 380),lt,0
(140, 100),up,-12.0084052422
(280, 80),up,-11.5716011804
(400, 260),dw,0
(80, 100),up,0
(220, 280),lt,-6.10995287256
(120, 60),dw,-18.248139983
(340, 180),rt,-15.2973625577
(120, 280),up,0
(240, 0),rt,0
(400, 40),lt,0
(80, 20),dw,0
(320, 120),rt,0
(200, 180),up,-11.1337761094
(100, 180),up,-13.709452535
(120, 200),lt,0
(220, 20),dw,0
(260, 140),rt,-11.648779309
(360, 400),lt,0
(160, 260),dw,-9.81343341034
(100, 300),lt,-12.4348425611
(60, 200),up,-14.0697794771
(140, 220),dw,-12.2227497295
(360, 340),rt,-5.21566445322
(340, 120),dw,0
(60, 20),up,0
(160, 180),lt,-11.5202459516
(340, 340),rt,-2.62191419403
(280, 40),lt,-10.0095436559
(0, 260),rt,0
(240, 160),up,-11.5137032311
(280, 400),lt,0
(340, 200),dw,0
(60, 60),up,0
(380, 400),up,0
(360, 80),lt,-13.3390885034
(320, 380),dw,-14.3189067377
(240, 60),rt,-11.7095881079
(380, 100),dw,0
(380, 280),dw,0
(240, 200),up,0
(80, 240),dw,-14.1114354014
(80, 60),dw,0
(60, 200),rt,-14.0612359392
(180, 200),rt,-11.0078276072
(260, 240),lt,0
(20, 240),dw,0
(100, 260),dw,-14.4072110612
(300, 40),rt,-9.9281266562
(260, 120),dw,-11.6073111837
(120, 180),lt,-14.583226497
(0, 340),up,0
(100, 140),lt,-15.5127559052
(180, 300),dw,-8.657117807
(340, 400),dw,0
(80, 120),lt,0
(300, 340),up,-4.62909780139
(100, 300),dw,-12.4546634783
(360, 380),dw,-5.0
(40, 400),rt,0
(80, 320),lt,-14.0430055185
(80, 140),lt,-20.3398980816
(60, 360),dw,-14.3096356565
(160, 0),rt,0
(320, 280),dw,0
(160, 380),rt,-5.05905785253
(140, 120),up,-11.9396383594
(60, 300),up,-14.1173468168
(360, 260),dw,1.78274942666
(220, 20),rt,0
(20, 200),dw,0
(360, 380),up,11.2313427869
(380, 360),rt,0
(180, 0),rt,0
(300, 140),rt,-9.93396829194
(180, 320),up,-8.11740874698
(360, 160),up,-11.6592914259
(160, 160),up,-11.830151552
(120, 160),up,-12.6499439624
(340, 20),dw,0
(280, 180),rt,-13.3636644595
(160, 100),lt,-11.9384526662
(240, 360),up,-5.90597701695
(380, 180),lt,0
(220, 200),dw,-12.3924030366
(380, 260),rt,0
(80, 220),rt,-14.1358336028
(240, 260),lt,0
(0, 240),dw,0
(340, 160),lt,-11.2756340601
(220, 220),dw,-12.4553164124
(300, 20),rt,0
(340, 60),dw,-11.9343127615
(300, 80),rt,-11.2549640288
(400, 140),dw,0
(340, 0),lt,0
(0, 220),dw,0
(240, 360),lt,-5.92717603961
(120, 160),lt,-12.6500067136
(220, 300),up,-10.3670518176
(20, 180),rt,0
(340, 80),up,-11.4134793973
(220, 180),up,-11.0110682965
(80, 40),lt,-40.323164356
(180, 40),up,-28.1388111794
(140, 360),rt,-7.88161667791
(180, 200),dw,-10.9750896447
(0, 140),up,0
(60, 200),dw,-14.0761786525
(400, 60),dw,0
(280, 0),up,0
(320, 0),rt,0
(380, 280),rt,0
(40, 60),dw,-24.3192497818
(200, 40),lt,-9.42055931464
(240, 60),dw,-11.7124461191
(280, 160),up,-11.4296136626
(140, 180),lt,-11.8178793507
(220, 160),rt,-11.4509904601
(320, 180),dw,-14.6378440658
(180, 180),up,-11.2770396495
(220, 240),rt,-14.5243089867
(120, 360),rt,0
(140, 40),up,-36.4885345091
(180, 80),dw,-11.8781031491
(400, 360),dw,0
(300, 0),rt,0
(360, 340),dw,4.10895645018
(160, 320),rt,-8.31109565129
(220, 80),up,-11.7470082838
(60, 100),lt,0
(100, 140),up,-27.3875687924
(140, 240),dw,-7.52505988115
(20, 140),dw,0
(40, 100),lt,-45.8188001012
(0, 200),dw,0
(0, 340),lt,0
(180, 180),rt,-11.2853010999
(260, 380),lt,-5.29212750998
(280, 280),rt,0
(120, 400),dw,0
(340, 360),lt,-4.08453314665
(200, 240),rt,-9.93861718915
(220, 340),lt,-6.23960070258
(280, 260),dw,0
(140, 160),up,-12.1848825344
(160, 300),rt,-8.83900666079
(60, 80),lt,0
(200, 260),dw,-9.43407573157
(0, 120),lt,0
(40, 380),up,-16.572095858
(320, 220),rt,0
(60, 140),rt,-19.5121951531
(340, 200),up,0
(260, 160),lt,-11.4717342326
(220, 260),rt,-14.777852307
(80, 280),dw,-14.0996066912
(60, 220),rt,-14.0618431817
(220, 320),rt,-6.92087779981
(400, 340),up,0
(340, 80),rt,-11.4181238964
(220, 400),rt,0
(20, 120),up,0
(360, 200),rt,-5.0
(40, 20),up,0
(180, 360),rt,-7.11544167315
(380, 300),dw,0
(120, 120),dw,-14.7284201522
(380, 120),dw,0
(20, 80),rt,0
(380, 260),up,0
(120, 320),dw,0
(380, 360),dw,0
(20, 220),rt,0
(80, 200),dw,-14.0397226306
(360, 240),rt,-5.0
(40, 160),rt,-19.7841528025
(60, 320),up,-14.0921061847
(120, 340),lt,0
(180, 160),dw,-11.5559069076
(360, 180),rt,-14.7451836849
(200, 240),up,-9.9362694889
(80, 320),dw,-14.0110426903
(80, 380),lt,-15.9228804167
(80, 300),rt,-14.3962968474
(200, 360),lt,-6.77834636382
(280, 20),lt,0
(40, 240),dw,-15.8510017508
(0, 280),rt,0
(240, 320),dw,-7.14570194553
(300, 240),lt,0
(100, 380),up,-14.8389592648
(140, 380),up,-4.39925959882
(320, 320),rt,91.2060141799
(400, 140),up,0
(220, 120),rt,-11.6971460313
(400, 340),lt,0
(180, 40),dw,-11.2170699542
(0, 0),dw,0
(40, 20),lt,0
(40, 140),up,-22.0668556992
(160, 20),lt,0
(100, 320),dw,-14.5187442997
(200, 0),lt,0
(320, 120),lt,0
(200, 20),rt,0
(400, 240),lt,0
(340, 40),rt,-9.69795411209
(400, 180),lt,0
(320, 260),rt,0
(340, 360),up,-3.43088789683
(0, 320),dw,0
(300, 180),up,-10.0391820332
(60, 280),dw,-14.1182846807
(220, 180),rt,-11.0086852301
(300, 380),up,-3.08053990811
(400, 20),dw,0
(40, 40),lt,-75.4133926088
(40, 300),rt,-16.6759713864
(60, 100),up,0
(140, 220),lt,-14.6492811897
(220, 80),lt,-11.7572117286
(200, 360),dw,-6.89630232753
(260, 0),dw,0
(20, 40),lt,0
(200, 220),dw,-10.3954148515
(140, 40),lt,-20.7463759174
(220, 380),lt,-8.70750959093
(80, 220),up,-14.1120262946
(0, 0),rt,0
(120, 320),lt,0
(240, 120),dw,-11.7195723384
(280, 220),lt,0
(60, 400),dw,0
(160, 240),up,-10.249318159
(80, 20),rt,0
(360, 320),lt,0
(40, 380),dw,-14.96253125
(120, 100),dw,-12.9935189884
(280, 0),lt,0
(340, 300),lt,0
(240, 320),rt,-8.4543506618
(80, 260),dw,-14.1139151421
(120, 300),dw,0
(80, 120),rt,0
(40, 0),rt,0
(340, 220),lt,0
(300, 360),rt,-4.95617916493
(380, 140),lt,0
(0, 200),up,0
(380, 200),up,0
(360, 20),dw,0
(80, 280),lt,-14.1189547843
(140, 120),rt,-11.9723460567
(100, 200),lt,-15.5893025453
(100, 340),up,-15.6293946157
(60, 380),rt,-10.2686144697
(20, 220),dw,0
(80, 180),rt,-13.9456016785
(360, 20),lt,0
(20, 340),lt,0
(0, 40),rt,0
(340, 160),up,-11.6196907393
(200, 140),rt,-11.5813531946
(220, 340),dw,-6.28874609037
(400, 60),lt,0
(120, 120),rt,-11.5715564351
(120, 300),lt,0
(240, 380),rt,-5.54433336446
(200, 320),lt,-7.63427830654
(60, 60),dw,0
(20, 200),lt,0
(320, 120),dw,0
(0, 360),lt,0
(80, 0),dw,0
(400, 180),up,0
(340, 240),dw,0
(400, 0),rt,0
(180, 200),up,-10.9945117675
(0, 80),lt,0
(220, 260),dw,-8.73582574936
(60, 300),lt,-14.2990781271
(340, 160),rt,-11.8868948801
(400, 300),up,0
(60, 360),lt,-14.0389391737
(360, 60),up,-12.5272398606
(200, 220),lt,-10.39200893
(300, 400),dw,0
(240, 60),up,-12.0633484895
(360, 100),lt,0
(0, 0),up,0
(200, 120),rt,-11.6869870322
(240, 100),lt,-11.7566486795
(120, 400),rt,0
(360, 220),dw,-0.905815683041
(0, 360),dw,0
(380, 80),lt,0
(360, 100),up,0
(240, 320),up,-14.4217870046
(60, 20),rt,0
(380, 220),lt,0
(300, 360),lt,-4.99046719306
(260, 240),dw,0
(120, 160),dw,-13.3476134769
(180, 120),dw,-11.7845157494
(400, 360),rt,0
(120, 180),up,-12.3894645624
(100, 180),rt,-13.7063179723
(40, 300),up,-14.136574829
(60, 240),rt,-14.1820045314
(140, 320),lt,-27.5165887075
(20, 200),up,0
(200, 100),rt,-11.748771966
(400, 340),dw,0
(0, 240),lt,0
(380, 380),dw,0
(120, 220),dw,0
(280, 360),lt,-5.12079587299
(160, 160),dw,-11.8203703634
(40, 140),rt,-24.8850753862
(260, 140),up,-11.6259331014
(140, 160),dw,-12.1808538487
(120, 40),lt,-25.8737067642
(340, 220),dw,0
(40, 0),dw,0
(20, 340),up,0
(380, 60),rt,0
(80, 160),lt,-13.8133417037
(80, 80),rt,0
(340, 360),rt,-4.16085683494
(340, 180),lt,-13.4081483913
(400, 180),dw,0
(260, 280),lt,0
(0, 280),up,0
(40, 260),lt,-36.6378951235
(100, 240),dw,-13.8697473484
(240, 120),lt,-11.7218518528
(200, 80),dw,-11.7948788796
(100, 360),dw,-13.6019981706
(100, 240),lt,-15.4935386272
(40, 360),rt,-15.9008498223
(180, 400),rt,0
(320, 100),lt,0
(200, 280),dw,-8.82795207411
(360, 300),rt,0
(400, 380),dw,0
(20, 300),rt,0
(220, 280),up,-6.37452963438
(240, 180),rt,-11.1282249823
(240, 300),up,0
(280, 80),lt,-11.5572612962
(20, 40),dw,0
(360, 0),up,0
(160, 240),lt,-10.3172709468
(300, 340),dw,-5.2639431004
(260, 340),lt,-4.94924681237
(100, 140),dw,-16.1775812172
(40, 60),up,-38.5480481132
(400, 140),rt,0
(120, 0),rt,0
(260, 360),up,-5.31519990885
(100, 400),rt,0
(20, 380),up,0
(20, 180),up,0
(140, 400),dw,0
(220, 400),up,0
(40, 240),up,-18.2998208066
(280, 200),lt,0
(280, 260),lt,0
(220, 260),up,-12.0085550116
(360, 80),dw,-19.6978002105
(180, 280),lt,-9.24161495152
(300, 180),lt,-10.0924710177
(320, 400),dw,0
(100, 300),rt,-23.9096145192
(140, 240),lt,-14.4817778905
(140, 160),rt,-12.1824723894
(400, 240),up,0
(320, 80),rt,-14.8845932962
(300, 240),rt,0
(320, 40),up,-23.3294133645
(200, 0),up,0
(20, 160),up,0
(40, 240),lt,-33.0829308696
(360, 140),lt,-8.84432563973
(400, 340),rt,0
(220, 320),up,-6.91492518644
(300, 400),lt,0
(360, 400),rt,0
(20, 380),lt,0
(0, 300),up,0
(400, 260),rt,0
(340, 100),lt,0
(60, 240),dw,-14.1669403204
(320, 20),lt,0
(320, 340),rt,-2.04417964331
(220, 280),rt,-27.0403375818
(40, 60),lt,-51.3206766238
(220, 60),up,-11.80954554
(160, 300),up,-8.83029350347
(20, 300),up,0
(260, 240),rt,0
(20, 280),dw,0
(400, 40),rt,0
(100, 80),lt,0
(400, 200),lt,0
(0, 60),rt,0
(280, 140),lt,-11.2436050005
(300, 200),lt,0
(300, 260),up,0
(380, 300),lt,0
(260, 200),up,0
(400, 220),rt,0
(200, 200),dw,-10.8582153378
(120, 140),rt,-12.1643932502
(100, 140),rt,-17.0491385075
(320, 100),up,0
(120, 100),up,-16.1264683433
(80, 80),up,0
(320, 40),dw,-9.79547456022
(320, 320),up,-6.37693259515
(380, 260),lt,0
(140, 360),up,-5.3111216691
(200, 160),lt,-11.4157188632
(100, 120),up,0
(40, 0),up,0
(200, 280),rt,-9.02786528837
(400, 80),lt,0
(40, 360),dw,-17.406069266
(360, 40),rt,-15.2531689199
(160, 100),dw,-11.9436104852
(360, 320),dw,0
(100, 40),lt,-29.1553900972
(20, 180),lt,0
(280, 0),rt,0
(320, 300),lt,0
(360, 280),lt,-5.0
(60, 280),up,-14.1279925543
(40, 0),lt,0
(40, 380),lt,-18.9486617983
(340, 260),rt,0
(280, 360),dw,-5.23988519887
(100, 80),dw,0
(20, 100),dw,0
(40, 180),rt,-13.0369981022
(220, 100),lt,-11.7471706763
(380, 180),rt,0
(180, 340),lt,-7.36281825181
(280, 140),up,-11.1628889088
(320, 400),lt,0
(160, 200),dw,-11.0841159891
(360, 20),rt,0
(220, 240),lt,-11.3564694669
(120, 360),lt,0
(180, 240),up,-10.1979423514
(320, 160),dw,-11.4422549762
(280, 60),rt,-11.7163064171
(160, 220),lt,-10.7703941675
(180, 300),up,-8.68767919365
(300, 0),lt,0
(200, 40),dw,-9.31212787409
(260, 260),lt,0
(300, 400),up,0
(400, 20),lt,0
(260, 220),dw,0
(300, 220),lt,0
(260, 220),lt,0
(180, 180),lt,-11.2709418685
(80, 180),up,-14.0040663191
(260, 120),lt,-11.6108697514
(0, 360),rt,0
(400, 300),lt,0
(340, 320),dw,4.57928581113
(380, 200),rt,0
(80, 100),dw,0
(360, 220),lt,-14.2825742363
(180, 240),rt,-10.21143935
(200, 120),dw,-11.6858004942
(340, 140),rt,-10.0299625366
(360, 360),rt,-8.94385385285
(300, 100),dw,0
(180, 40),lt,-11.233051605
(220, 100),dw,-11.741590964
(240, 260),rt,0
(100, 220),up,-13.818876496
(260, 100),rt,-12.7914388159
(400, 0),dw,0
(20, 60),rt,0
(80, 360),up,-14.0481708316
(60, 280),rt,-14.1402469435
(160, 60),lt,-11.9077706464
(60, 60),rt,0
(400, 320),rt,0
(20, 400),up,0
(320, 240),up,0
(60, 320),lt,-14.5203911254
(260, 280),up,0
(20, 80),lt,0
(100, 200),up,-16.9810774648
(340, 280),dw,0
(80, 40),rt,-28.1016934076
(180, 160),lt,-11.569918845
(380, 180),up,0
(220, 220),up,-10.0189933529
(0, 380),rt,0
(320, 100),dw,0
(400, 80),dw,0
(380, 100),up,0
(200, 280),up,-8.95279457955
(20, 0),rt,0
(100, 20),dw,0
(60, 380),dw,-23.4855792323
(240, 340),lt,-5.59322626261
(100, 240),up,-14.5638701093
(40, 220),rt,-13.7048880229
(340, 180),up,-10.4507836211
(200, 20),up,0
(320, 20),up,0
(160, 80),dw,-11.9553214619
(200, 200),up,-10.8809478471
(400, 200),dw,0
(380, 60),lt,0
(320, 240),lt,0
(380, 160),up,0
(120, 40),up,-62.6995651132
(340, 400),rt,0
(300, 380),dw,-9.85129481674
(180, 120),up,-11.793725001
(220, 60),rt,-11.7059420875
(40, 40),dw,-27.5578473202
(40, 100),rt,-51.3164809541
(240, 120),rt,-11.7062887972
(260, 20),dw,0
(80, 240),up,-14.1141484504
(140, 220),up,-10.0044902092
(320, 100),rt,0
(20, 80),dw,0
(400, 100),dw,0
(60, 80),rt,0
(160, 140),rt,-11.8681332403
(200, 360),rt,-6.76125145234
(0, 400),lt,0
(260, 240),up,0
(40, 20),dw,0
(260, 60),rt,-11.7202779992
(160, 40),lt,-16.9028951153
(220, 400),dw,0
(280, 300),rt,0
(340, 80),dw,-14.3313095467
(320, 400),up,0
(400, 240),dw,0
(0, 180),rt,0
(260, 220),up,0
(0, 320),rt,0
(160, 20),up,0
(20, 100),up,0
(400, 160),dw,0
(0, 260),lt,0
(260, 260),up,0
(340, 400),up,0
(280, 40),up,-14.1049314978
(240, 100),up,-11.7668228967
(0, 0),lt,0
(160, 400),dw,0
(240, 60),lt,-11.7179655221
(180, 240),dw,-10.1944362667
(180, 360),up,-7.1256745074
(100, 160),up,-13.7692668974
(140, 240),rt,-7.58582240218
(300, 140),lt,-9.89683943361
(180, 200),lt,-11.0014478959
(400, 280),rt,0
(20, 160),rt,0
(300, 0),dw,0
(300, 340),lt,-5.08126546247
(160, 220),dw,-10.7160696586
(40, 40),rt,-56.6351985267
(0, 280),dw,0
(100, 120),dw,0
(280, 180),lt,-12.2249424982
(340, 0),dw,0
(360, 300),up,0
(20, 40),rt,0
(20, 380),rt,0
(380, 0),rt,0
(220, 160),dw,-11.4938543919
(340, 100),rt,0
(380, 80),up,0
(160, 180),rt,-11.493421677
(40, 400),lt,0
(100, 40),up,-58.6291733766
(260, 200),dw,0
(80, 200),rt,-14.6314390298
(40, 60),rt,-62.1798017938
(320, 340),lt,-4.66437475798
(140, 200),dw,-11.539624217
(400, 80),up,0
(300, 60),lt,-11.8706991237
(0, 180),up,0
(100, 80),rt,0
(80, 280),up,-14.1038181571
(140, 360),dw,-5.49265029926
(120, 80),dw,-17.4285019364
(200, 160),up,-11.3951057916
(380, 300),rt,0
(140, 360),lt,-9.78761226943
(260, 60),up,-12.060226488
(240, 280),dw,0
(260, 160),up,-11.4547242603
(120, 100),lt,-28.6244006871
(20, 400),dw,0
(300, 80),dw,-18.6345477527
(280, 160),rt,-11.4268896011
(380, 220),dw,0
(260, 200),lt,0
(240, 0),dw,0
(220, 0),rt,0
(0, 120),dw,0
(80, 280),rt,-14.4420435494
(80, 60),up,0
(120, 20),dw,0
(200, 120),lt,-11.6893969867
(80, 220),lt,-14.1412550966
(280, 180),dw,-19.5444896305
(140, 40),rt,-20.1006227259
(400, 360),up,0
(180, 380),lt,-10.0575047208
(260, 380),dw,-9.9546163554
(260, 40),up,-23.538153362
(340, 100),up,0
(240, 160),dw,-11.5084547511
(300, 200),dw,0
(180, 180),dw,-11.2735323471
(360, 140),up,-19.1116838389
(360, 320),rt,0
(300, 120),up,0
(40, 40),up,-79.7480159693
(400, 360),lt,0
(360, 380),lt,-0.165016299804
(60, 240),lt,-14.2475651608
(320, 160),lt,-11.3877012511
(200, 40),up,-14.7055195536
(340, 180),dw,-14.96253125
(80, 340),up,-14.0128572918
(160, 360),rt,-7.24504944751
(40, 160),dw,-22.073131731
(140, 180),dw,-11.807893114
(180, 260),lt,-9.7599050916
(180, 280),up,-9.28184142894
(180, 100),up,-11.8446247083
(220, 260),lt,-8.73928140509
(0, 380),up,0
(180, 340),dw,-7.37479958335
(80, 40),up,-63.3332194848
(320, 140),up,-19.6572815518
(340, 80),lt,-11.459895788
(280, 200),up,0
(220, 300),lt,-8.49364645153
(220, 140),dw,-11.5567696733
(220, 400),lt,0
(220, 20),up,0
(200, 320),dw,-7.58501781989
(300, 240),dw,0
(300, 220),rt,0
(360, 280),dw,12.6616508413
(140, 380),lt,-5.0
(380, 360),up,0
(120, 80),lt,-32.0850925125
(240, 360),dw,-6.25440912888
(20, 240),rt,0
(160, 260),lt,-10.4601435887
(80, 380),dw,-14.7825416695
(200, 140),up,-11.5670032934
(260, 340),up,-5.2366289058
(200, 320),rt,-7.61199049022
(80, 120),dw,0
(260, 80),rt,-11.7110085308
(360, 300),lt,0
(20, 120),dw,0
(220, 220),rt,-23.5244783416
(360, 180),up,-14.7439382865
(260, 360),dw,-5.55353449144
(380, 260),dw,0
(140, 180),rt,-11.8076110913
(240, 120),up,-11.7148640291
(340, 20),rt,0
(40, 260),up,-16.8343510833
(20, 360),rt,0
(120, 120),up,-11.7520181612
(0, 280),lt,0
(340, 300),dw,0
(400, 140),lt,0
(100, 20),up,0
(240, 400),dw,0
(300, 140),dw,-10.0503110997
(380, 80),rt,0
(320, 20),dw,0
(280, 60),up,-11.7809221443
(20, 120),lt,0
(360, 300),dw,48.2110519022
(180, 400),dw,0
(220, 380),dw,-14.7529714267
(320, 60),rt,-12.0616200897
(100, 360),rt,-23.7927604001
(380, 360),lt,0
(260, 380),rt,-5.19134200492
(360, 360),up,62.6680590828
(100, 240),rt,-23.1756412456
(340, 280),lt,0
(240, 340),rt,-5.08040747937
(340, 360),dw,-4.08851593258
(140, 320),rt,-7.55438057181
(40, 280),up,-15.6192786377
(20, 320),rt,0
(320, 200),up,0
(160, 60),dw,-11.8882052916
(0, 100),dw,0
(260, 140),lt,-11.6350718718
(120, 380),rt,0
(280, 160),dw,-11.7656072525
(40, 140),dw,-21.3067727018
(400, 320),up,0
(360, 340),lt,-0.193427569621
(320, 240),rt,0
(80, 120),up,0
(300, 180),dw,-19.325091687
(340, 400),lt,0
(360, 200),dw,-3.17089120641
(180, 80),up,-11.8612543574
(140, 100),rt,-12.0071638893
(320, 200),rt,0
(320, 340),up,-4.64944352341
(40, 120),rt,-65.6790252642
(180, 120),lt,-11.7861843473
(340, 280),up,0
(400, 300),dw,0
(40, 260),rt,-15.0383421508
(60, 160),dw,-14.1990696554
(280, 40),dw,-10.1571748694
(0, 60),lt,0
(140, 180),up,-11.8327481752
(260, 40),dw,-10.5453439041
(380, 320),lt,0
(60, 200),lt,-14.2630851256
(340, 40),lt,-9.65674629109
(120, 200),up,0
(100, 0),up,0
(0, 140),lt,0
(360, 200),up,-8.17482373074
(220, 360),dw,-6.52771707608
(40, 80),up,-39.265288706
(200, 280),lt,-8.93219690324
(300, 400),rt,0
(60, 380),lt,-14.0815011344
(120, 300),up,0
(140, 300),up,-7.60366398931
(180, 160),up,-11.5646421651
(340, 160),dw,-11.2821620225
(200, 140),lt,-11.5786403913
(20, 80),up,0
(220, 200),lt,-14.7923674219
(160, 400),rt,0
(40, 300),dw,-14.1618197924
(340, 240),rt,0
(120, 80),up,-17.2690152755
(80, 360),rt,-14.3263214436
(360, 20),up,0
(380, 400),rt,0
(280, 200),rt,0
(380, 120),up,0
(380, 160),rt,0
(220, 20),lt,0
(120, 40),dw,-18.4409856443
(180, 280),rt,-9.22533121565
(400, 240),rt,0
(200, 400),dw,0
(100, 40),dw,-47.1868510738
(100, 100),dw,0
(160, 160),lt,-11.8221963065
(0, 160),dw,0
(180, 0),lt,0
(340, 220),up,0
(240, 300),rt,0
(260, 60),dw,-11.7192191308
(140, 200),lt,-35.0072793404
(340, 300),up,0
(180, 100),lt,-11.8291055289
(400, 400),up,0
(200, 140),dw,-11.5929748075
(60, 180),dw,-14.0503269269
(360, 320),up,0
(360, 200),lt,-5.0
(140, 120),lt,-12.2753460926
(120, 400),lt,0
(360, 400),up,0
(300, 300),up,0
(300, 60),rt,-11.881639078
(140, 280),dw,-9.33089586351
(0, 40),lt,0
(300, 120),rt,0
(160, 360),up,-7.22171769686
(40, 200),dw,-14.6962484003
(320, 120),up,0
(140, 80),dw,-12.1048159241
(320, 360),rt,-4.59444576584
(60, 100),dw,0
(380, 240),rt,0
(120, 100),rt,-12.1687773178
(260, 40),lt,-10.6331867035
(280, 220),dw,0
(160, 220),up,-10.759203451
(240, 380),lt,-10.85509772
(260, 260),dw,0
(80, 340),dw,-14.0090400373
(220, 240),up,-8.1465938637
(80, 60),lt,0
(380, 320),dw,0
(100, 280),dw,-15.8344918955
(260, 0),lt,0
(320, 140),dw,-10.6810860914
(320, 300),rt,0
(40, 340),rt,-13.370874152
(360, 140),dw,-12.0306131463
(380, 340),rt,0
(180, 380),rt,-8.87444968611
(400, 80),rt,0
(160, 0),up,0
(40, 140),lt,-40.3644894323
(360, 80),up,-15.3128065298
(20, 340),rt,0
(180, 220),dw,-10.6046733753
(400, 20),rt,0
(60, 60),lt,0
(220, 0),up,0
(300, 260),lt,0
(100, 40),rt,-24.310769286
(360, 120),up,0
(160, 180),up,-11.500018072
(300, 60),up,-12.4112171124
(180, 60),dw,-11.7980142762
(380, 160),dw,0
(60, 20),lt,0
(100, 320),lt,-11.9616329571
(20, 60),dw,0
(260, 100),dw,-11.6439328937
(280, 280),lt,0
(180, 400),lt,0
(200, 240),lt,-9.94235890235
(20, 260),dw,0
(180, 320),rt,-8.08376545852
(280, 180),up,-10.9695837128
(180, 40),rt,-11.5069977506
(200, 180),lt,-11.1476463564
(300, 100),rt,0
(200, 160),dw,-11.3895382807
(340, 140),dw,-10.0808709242
(220, 360),rt,-6.35721296099
(360, 160),rt,-24.5230100224
(280, 20),dw,0
(360, 100),rt,0
(240, 100),rt,-11.8017669587
(200, 80),up,-11.800492968
(260, 260),rt,0
(140, 260),dw,-8.7300255403
(60, 320),rt,-14.0822560745
(220, 60),lt,-11.6611908736
(60, 0),up,0
(260, 320),rt,54.1994972509
(180, 360),lt,-7.11923362346
(20, 340),dw,0
(320, 40),lt,-9.81954231808
(280, 240),rt,0
(320, 340),dw,-4.72576572862
(40, 260),dw,-16.7026569126
(380, 380),up,0
(240, 240),dw,0
(200, 300),rt,-9.00260048597
(20, 0),up,0
(40, 360),up,-13.8381637725
(320, 380),up,-5.0
(200, 340),dw,-6.94728152744
(360, 240),lt,-5.0
(140, 160),lt,-12.222856137
(0, 400),up,0
(60, 180),rt,-14.0442504722
(20, 100),rt,0
(60, 120),lt,0
(260, 400),dw,0
(280, 360),rt,-5.11829293028
(140, 300),rt,-7.71809639788
(0, 320),lt,0
(400, 220),up,0
(0, 100),rt,0
(280, 120),up,-10.2764377445
(160, 60),rt,-11.8727248095
(220, 320),dw,-6.86361682591
(60, 40),up,-76.458620439
(400, 260),lt,0
(80, 240),lt,-14.1192752115
(100, 400),lt,0
(200, 0),dw,0
(200, 260),rt,-9.57847880491
(280, 200),dw,0
(160, 300),dw,-8.81842642069
(80, 100),lt,0
(360, 40),dw,-17.1312664986
(280, 400),dw,0
(140, 60),dw,-11.9801281889
(380, 80),dw,0
(200, 20),lt,0
(60, 160),up,-14.5993554673
(160, 40),rt,-15.2483791492
(0, 160),up,0
(180, 20),rt,0
(240, 20),rt,0
(200, 200),rt,-11.6488479511
(280, 80),dw,-12.1858515995
(180, 80),rt,-11.8665759384
(20, 360),dw,0
(220, 180),lt,-11.019678341
(300, 160),rt,-11.3571273682
(220, 240),dw,-8.2082698715
(40, 220),up,-14.3529946608
(20, 160),dw,0
(340, 340),up,0.854627259092
(260, 80),dw,-11.7198760322
(120, 380),up,0
(60, 340),dw,-14.0642434072
(360, 0),dw,0
(60, 340),lt,-14.0834426479
(20, 400),lt,0
(40, 280),rt,-14.8607054411
(320, 200),dw,0
(380, 220),up,0
(280, 320),up,-6.08805355636
(140, 100),dw,-11.9982324954
(160, 100),up,-11.9545243075
(320, 280),up,0
(80, 260),up,-14.1202526121
(280, 360),up,-5.1498668751
(300, 180),rt,-11.9697227527
(100, 360),up,-16.2588324501
(0, 220),rt,0
(380, 380),lt,0
(120, 140),lt,-12.2451977098
(240, 220),rt,0
(100, 200),dw,-14.8210884995
(380, 280),up,0
(380, 340),up,0
(200, 380),lt,-5.99436308953
(60, 0),dw,0
(280, 100),up,-10.5359244265
(60, 340),up,-14.0641136379
(220, 200),rt,-31.314816934
(320, 180),lt,-12.2010987676
(200, 400),up,0
(380, 20),rt,0
(360, 240),up,-0.547856599116
(220, 120),up,-11.6928670852
(260, 120),up,-11.5859296136
(260, 100),lt,-11.6359673735
(80, 180),lt,-13.9743604298
(240, 240),up,0
(280, 380),up,-4.68808740692
(240, 80),lt,-11.7500786274
(80, 140),up,-45.5904049965
(60, 180),up,-14.0346548568
(300, 320),up,-8.26939915675
(360, 260),lt,-9.80476174063
(60, 400),lt,0
(380, 40),dw,0
(320, 300),up,0
(80, 300),up,-14.0465133661
(140, 260),up,-11.6467518612
(300, 200),rt,0
(180, 100),rt,-11.8360733849
(320, 260),up,0
(180, 240),lt,-10.2022485941
(300, 340),rt,-2.60486970344
(340, 260),lt,0
(40, 80),dw,-26.3034577526
(20, 240),up,0
(140, 40),dw,-22.6094485026
(20, 300),dw,0
(220, 100),up,-11.7477047281
(180, 140),lt,-11.7274156726
(60, 0),rt,0
(300, 320),rt,82.7886239976
(220, 0),dw,0
(200, 80),rt,-11.7770435981
(60, 280),lt,-14.2921524889
(40, 340),dw,-13.3458212485
(340, 340),dw,-3.97528010507
(400, 40),up,0
(280, 400),up,0
(220, 360),up,-6.35550293062
(240, 300),dw,0
(300, 280),rt,0
(260, 300),dw,0
(160, 120),dw,-11.9024306636
(60, 220),up,-14.0473349087
(140, 260),lt,-27.2390768101
(360, 120),dw,0
(140, 0),rt,0
(360, 280),rt,-5.0
(360, 180),dw,-9.46411043954
(80, 60),rt,0
(300, 360),up,-4.72976132052
(380, 200),lt,0
(180, 220),up,-10.6412188971
(320, 360),dw,-4.78173377987
(220, 220),lt,-9.91453659417
(180, 260),rt,-9.71594093935
(260, 200),rt,0
(100, 180),lt,-13.7295519481
(320, 80),lt,-10.5184152528
(380, 140),up,0
(180, 340),rt,-6.09227575956
(120, 280),dw,0
(360, 40),up,-14.4244163723
(120, 280),lt,0
(220, 40),dw,-12.7611170568
(160, 360),dw,-7.27174954015
(340, 120),lt,0
(100, 120),rt,0
(300, 260),rt,0
(200, 380),up,-7.67220498578
(160, 220),rt,-10.7218508613
(240, 20),dw,0
(140, 380),rt,-6.74635087738
(20, 60),lt,0
(100, 80),up,0
(160, 60),up,-12.3008434236
(120, 320),up,0
(160, 260),rt,-9.8272820346
(320, 360),up,-4.62333825776
(100, 360),lt,-13.619066376
(380, 340),dw,0
(0, 300),lt,0
(240, 40),lt,-15.7296973064
(140, 280),up,-9.70588106669
(120, 60),rt,-21.1295539021
(280, 320),lt,-1.02386426448
(400, 120),dw,0
(20, 220),up,0
(280, 100),dw,-13.1592252629
(140, 0),up,0
(0, 180),dw,0
(180, 300),lt,-8.70008188094
(80, 0),rt,0
(240, 180),lt,-14.4304228309
(280, 300),dw,0
(240, 340),dw,-5.75605104216
(40, 20),rt,0
(120, 220),lt,0
(160, 140),dw,-11.8851659547
(120, 0),lt,0
(60, 80),dw,0
(120, 80),rt,-13.8951018564
(140, 340),rt,-9.52868471479
(240, 0),up,0
(40, 100),dw,-23.9804427084
(380, 400),dw,0
(100, 160),rt,-12.9153978999
(120, 140),up,-12.5550876622
(400, 320),dw,0
(200, 360),up,-6.75934861534
(20, 20),up,0
(240, 100),dw,-11.7528482379
(120, 340),up,0
(60, 40),lt,-39.2161513641
(360, 100),dw,0
(80, 360),dw,-14.0785093199
(280, 380),rt,-5.049875
(320, 380),lt,-1.79663392329
(0, 320),up,0
(400, 280),dw,0
(80, 200),lt,-14.0531838571
(240, 180),up,-11.1266146716
(160, 120),up,-11.8952955528
(100, 60),dw,0
(340, 240),lt,0
(180, 320),dw,-8.05233760827
(80, 400),lt,0
(0, 380),dw,0
(340, 280),rt,0
(260, 180),lt,-11.1599810837
(80, 260),lt,-14.1309131429
(200, 100),up,-11.7577624516
(120, 240),lt,0
(140, 140),dw,-12.0468608586
(200, 60),lt,-11.723548382
(240, 40),up,-19.5044684576
(100, 380),dw,-14.96253125
(380, 40),rt,0
(400, 280),lt,0
(0, 140),rt,0
(360, 360),lt,-0.309341748362
(280, 120),dw,-10.29364631
(400, 220),lt,0
(400, 400),dw,0
(0, 120),up,0
(360, 220),up,-1.14311283458
(360, 380),rt,-5.0
(140, 320),up,-7.58009715414
(140, 140),rt,-12.0485667921
(380, 20),dw,0
(220, 40),lt,-10.5606075345
(220, 340),up,-6.40434464987
(380, 320),rt,0
(300, 80),up,-15.2041872755
(240, 140),rt,-11.6362736731
(200, 340),up,-6.9997594014
(320, 20),rt,0
(260, 380),up,-5.19271241034
(400, 320),lt,0
(240, 280),up,0
(320, 60),up,-12.2975271698
(360, 40),lt,-12.461048105
(380, 200),dw,0
(100, 60),rt,0
(300, 160),up,-12.0849407217
(380, 240),lt,0
(20, 140),lt,0
(20, 320),up,0
(40, 180),lt,-28.3633026493
(0, 160),rt,0
(20, 280),lt,0
(140, 80),rt,-12.1152219733
(200, 220),up,-10.3938632881
(360, 60),lt,-15.5945491599
(300, 120),dw,0
(280, 160),lt,-11.4397948567
(20, 0),lt,0
(0, 80),up,0
(80, 320),rt,-14.0931317768
