(280, 340),lt,46.7139960356
(240, 400),rt,0
(0, 360),up,0
(200, 260),up,-4.77981060532
(200, 320),up,-2.66651446422
(100, 20),rt,0
(140, 340),dw,-1.25934289846
(180, 140),up,-8.77637613951
(280, 320),dw,0.462175552599
(160, 340),dw,-1.89153267654
(260, 0),up,0
(120, 180),dw,-14.6419219168
(80, 40),dw,-55.9986302633
(260, 20),lt,0
(360, 60),dw,-8.36096938659
(340, 0),up,0
(20, 240),lt,0
(180, 280),dw,-2.73202212104
(400, 100),rt,0
(120, 20),lt,0
(100, 340),lt,-7.25783154289
(400, 400),rt,0
(160, 100),rt,-10.0650575411
(100, 100),lt,0
(60, 220),dw,-9.86511880573
(340, 20),lt,0
(280, 240),up,0
(100, 60),up,0
(200, 240),dw,-5.79839232185
(140, 20),lt,0
(280, 280),dw,0
(120, 260),lt,0
(120, 140),dw,-9.93426540277
(0, 200),rt,0
(260, 320),lt,-1.10466900791
(60, 260),up,-9.84633168136
(100, 340),dw,-7.29466623173
(120, 340),dw,0
(280, 240),lt,0
(220, 380),up,-0.695611695394
(180, 60),lt,-10.5149411398
(160, 320),dw,-1.03161546118
(260, 40),rt,-7.00443364991
(340, 320),rt,0
(200, 300),lt,-3.3666490417
(60, 160),rt,-9.97519538797
(220, 280),dw,-3.70821559688
(200, 40),rt,-11.9396801125
(320, 280),lt,0
(380, 120),lt,0
(320, 160),rt,-8.67028158221
(220, 140),lt,-8.80966251393
(200, 180),rt,-7.57601405831
(120, 280),rt,0
(180, 260),dw,-3.7053688861
(120, 380),lt,0
(380, 0),lt,0
(140, 300),lt,-9.9875
(40, 220),lt,-14.6590435182
(360, 120),rt,0
(40, 80),lt,-60.0863582902
(340, 260),dw,0
(400, 120),up,0
(160, 120),rt,-9.61984023555
(100, 260),lt,-7.80595046832
(320, 40),rt,-10.9606152522
(200, 260),lt,-4.81847898645
(20, 320),dw,0
(0, 300),rt,0
(140, 320),dw,-2.09146311001
(40, 120),lt,-34.3253615491
(340, 60),rt,-10.2350991149
(340, 40),up,-19.5571285202
(300, 380),lt,-0.162757142333
(400, 160),up,0
(0, 340),dw,0
(140, 400),rt,0
(300, 360),dw,-0.60575
(160, 280),lt,-5.07018030486
(300, 240),up,0
(380, 0),up,0
(100, 400),dw,0
(160, 140),lt,-9.21874822147
(100, 300),up,-9.91604249966
(80, 380),up,-9.97649335839
(180, 80),lt,-10.0666372321
(180, 100),dw,-9.49549668464
(260, 400),lt,0
(80, 100),rt,0
(340, 340),lt,5.0
(280, 300),lt,0
(240, 180),dw,-9.95177502646
(280, 120),lt,-11.9773015687
(120, 200),dw,0
(240, 280),lt,0
(400, 380),rt,0
(300, 300),rt,0
(60, 120),up,0
(140, 100),lt,-10.4640829186
(220, 40),up,-23.1946514751
(20, 120),rt,0
(320, 200),lt,0
(260, 180),dw,-9.79493170133
(380, 400),lt,0
(300, 100),up,0
(160, 0),dw,0
(80, 380),rt,-10.2054062207
(320, 220),up,0
(20, 20),dw,0
(240, 300),lt,0
(120, 60),up,-18.5497606066
(140, 400),up,0
(60, 120),rt,0
(60, 80),up,0
(20, 20),rt,0
(100, 220),lt,-9.15035160362
(340, 60),up,-10.479059145
(360, 80),rt,-9.77874439518
(40, 280),dw,-9.55447909411
(200, 180),dw,-7.56940296549
(80, 240),rt,-10.0105287546
(360, 0),rt,0
(40, 100),up,-35.8997637022
(60, 340),rt,-10.1179566305
(280, 300),up,0
(260, 180),rt,-11.3454221957
(180, 120),rt,-9.18410066835
(380, 100),rt,0
(180, 400),up,0
(200, 60),rt,-10.1589132999
(340, 200),lt,0
(300, 300),dw,0
(100, 0),rt,0
(380, 160),lt,0
(160, 140),up,-9.24011390773
(120, 200),rt,0
(120, 0),dw,0
(100, 220),dw,-11.2570078983
(160, 80),up,-10.5313696062
(180, 20),dw,0
(160, 280),up,-4.72726375257
(140, 220),rt,-7.3138140026
(320, 0),lt,0
(200, 380),rt,-0.586479544004
(220, 0),lt,0
(40, 120),up,-33.7924990426
(220, 80),dw,-9.74411305146
(280, 400),rt,0
(380, 320),up,0
(100, 280),lt,-7.50460604967
(100, 260),up,-7.70618193836
(300, 20),up,0
(400, 120),lt,0
(120, 220),up,0
(0, 20),lt,0
(180, 260),up,-4.99340877312
(100, 100),up,0
(300, 120),lt,0
(240, 200),dw,0
(20, 400),rt,0
(80, 80),dw,0
(240, 380),dw,-5.0
(60, 240),up,-9.82006853327
(140, 0),lt,0
(360, 60),rt,-14.7335228335
(340, 220),rt,0
(140, 300),dw,-6.30495350438
(120, 180),rt,-10.6414029107
(260, 100),up,-9.4686746375
(160, 80),lt,-10.4790895737
(160, 340),rt,49.2940551093
(380, 280),lt,0
(160, 160),rt,-8.70664815853
(240, 260),up,0
(160, 20),dw,0
(140, 280),lt,-14.7559017776
(400, 0),up,0
(380, 0),dw,0
(140, 200),rt,-10.2716691603
(80, 180),dw,-10.0306927697
(340, 140),up,-14.7482213285
(160, 360),lt,-1.96850354165
(160, 180),dw,-8.10591888788
(40, 340),lt,-19.3559040283
(160, 400),up,0
(360, 160),lt,-5.03130877324
(40, 320),dw,-8.4448856051
(80, 140),rt,-9.77801430673
(200, 120),up,-9.18638526705
(240, 240),rt,0
(20, 260),lt,0
(100, 180),dw,-10.1775090318
(340, 0),rt,0
(140, 60),up,-11.7509650743
(60, 260),lt,-9.88061501837
(160, 380),up,-0.759567120862
(120, 300),rt,0
(20, 60),up,0
(280, 240),dw,0
(120, 160),rt,-9.66133529605
(120, 260),up,0
(140, 20),up,0
(240, 80),rt,-9.66600490495
(60, 20),dw,0
(400, 100),lt,0
(140, 260),rt,-5.64497432206
(340, 20),up,0
(100, 340),rt,-30.802734268
(260, 300),lt,0
(180, 0),up,0
(60, 400),rt,0
(400, 400),lt,0
(120, 60),lt,-32.4208183023
(0, 220),up,0
(80, 320),up,-9.88287637713
(0, 80),rt,0
(400, 180),rt,0
(40, 320),lt,-9.9875
(360, 160),dw,-5.05243632382
(60, 300),rt,-9.89209604356
(180, 220),lt,-6.40068368402
(320, 220),lt,0
(300, 320),dw,1.33989070291
(400, 380),up,0
(200, 220),rt,-6.49968956866
(260, 80),lt,-9.62269600402
(60, 220),lt,-9.94999157234
(140, 80),up,-10.7264239446
(260, 0),rt,0
(20, 20),lt,0
(300, 100),lt,0
(220, 200),up,-7.95320253814
(180, 140),rt,-8.76997065919
(160, 340),up,-1.9012660153
(120, 260),rt,0
(40, 400),up,0
(220, 360),lt,-1.69055059026
(20, 360),lt,0
(60, 380),up,-7.86604913002
(340, 380),lt,-0.2875
(360, 240),dw,-0.434376249219
(60, 40),dw,-60.3885510218
(260, 160),dw,-8.73288141843
(180, 60),rt,-10.7845394706
(240, 200),lt,0
(340, 40),dw,-15.1078083185
(260, 400),up,0
(200, 20),dw,0
(320, 320),lt,0
(220, 340),rt,65.3096844029
(100, 320),rt,-19.2008440362
(180, 20),up,0
(280, 320),rt,-0.669549642403
(240, 160),lt,-8.64848473197
(40, 180),up,-7.15803172167
(0, 40),dw,0
(340, 260),up,0
(220, 120),dw,-9.18768185854
(80, 300),lt,-9.83220571621
(160, 200),lt,-7.91982667169
(20, 280),up,0
(20, 320),lt,0
(180, 20),lt,0
(0, 260),up,0
(60, 180),lt,-10.1390406549
(20, 140),up,0
(300, 160),lt,-8.84167985033
(40, 220),dw,-7.05408239847
(360, 340),up,-0.05
(60, 100),rt,0
(200, 400),lt,0
(20, 0),dw,0
(160, 40),up,-32.2779210206
(200, 340),lt,22.2456415175
(100, 160),dw,-9.9722809714
(20, 360),up,0
(320, 360),lt,0
(400, 100),up,0
(300, 60),dw,-10.0567845593
(240, 40),rt,-6.57118873177
(40, 280),lt,-14.6404744817
(240, 220),up,0
(320, 300),dw,0
(260, 20),up,0
(40, 160),up,-11.741801302
(240, 0),lt,0
(260, 80),up,-9.59867683777
(380, 240),up,0
(300, 40),lt,-10.516854924
(220, 140),up,-8.79723693003
(260, 160),rt,-8.69226071119
(40, 320),up,-11.7057962683
(260, 340),rt,80.3890400997
(0, 220),lt,0
(200, 300),up,-3.70614299043
(60, 40),rt,-24.998077954
(380, 340),lt,0
(40, 300),lt,-9.92742033888
(260, 180),up,-11.3354449388
(220, 180),dw,-8.10638315164
(260, 360),lt,-1.0732757318
(260, 300),up,0
(280, 120),rt,-23.8439121015
(120, 240),dw,0
(240, 20),lt,0
(200, 200),lt,-7.00685002611
(320, 60),lt,-10.1847798327
(240, 140),lt,-8.91611264246
(120, 260),dw,0
(100, 380),rt,-19.5517376521
(240, 260),dw,0
(160, 0),lt,0
(260, 320),up,-5.0
(320, 220),dw,0
(320, 180),up,-12.4486638533
(160, 380),lt,-5.604235625
(140, 60),lt,-11.8346492602
(280, 260),rt,0
(100, 60),lt,0
(380, 240),dw,0
(320, 320),dw,26.4908109375
(160, 400),lt,0
(260, 360),rt,-1.03755735168
(80, 0),up,0
(260, 280),dw,0
(60, 140),up,-14.934617341
(40, 240),rt,-7.8327677451
(220, 40),rt,-6.48356437736
(280, 60),dw,-9.71361171236
(240, 400),lt,0
(0, 400),dw,0
(80, 140),dw,-9.76218072959
(160, 280),dw,-4.5309814311
(100, 400),up,0
(280, 40),rt,-8.63889327495
(0, 20),up,0
(120, 0),up,0
(300, 20),lt,0
(120, 360),dw,0
(320, 140),lt,-9.0954922679
(120, 320),rt,0
(40, 120),dw,-31.514408469
(160, 20),rt,0
(40, 180),dw,-6.9984819225
(80, 400),rt,0
(140, 0),dw,0
(380, 40),up,0
(280, 340),up,5.98269161196
(320, 260),dw,0
(80, 340),lt,-9.99763728371
(80, 260),rt,-10.3582854921
(320, 240),dw,0
(220, 160),up,-8.48191356823
(380, 140),rt,0
(160, 240),dw,-6.10090711717
(400, 20),up,0
(220, 80),rt,-9.75744675679
(80, 220),dw,-9.89951911223
(300, 0),up,0
(180, 380),up,-0.562934476563
(200, 380),dw,-9.75725457707
(400, 120),rt,0
(320, 180),rt,-11.249061021
(120, 360),up,0
(200, 80),lt,-9.93565951233
(400, 60),rt,0
(220, 380),rt,-0.692827607342
(160, 320),lt,-3.14599868415
(300, 80),lt,-10.6393837362
(180, 340),up,-1.9154740619
(180, 0),dw,0
(20, 140),rt,0
(80, 160),dw,-10.0238013048
(20, 200),rt,0
(300, 280),lt,0
(100, 0),dw,0
(360, 260),rt,-5.0
(200, 60),dw,-10.1651601447
(380, 380),rt,0
(140, 20),dw,0
(20, 280),rt,0
(360, 280),up,-0.099875
(340, 300),rt,0
(140, 380),dw,-5.0
(400, 280),up,0
(300, 260),dw,0
(160, 380),dw,-9.77947589881
(320, 400),rt,0
(120, 240),up,0
(260, 20),rt,0
(200, 100),lt,-9.57239274648
(60, 360),rt,-10.0416073693
(100, 320),up,-7.42335447187
(180, 320),lt,-3.01822572983
(220, 160),lt,-8.46245820918
(240, 340),up,-1.36620000709
(100, 200),rt,-27.5809153097
(360, 120),lt,0
(340, 240),up,0
(160, 120),lt,-9.62282866747
(60, 140),dw,-9.73348697098
(240, 360),rt,-1.57340767623
(80, 80),lt,0
(260, 120),rt,-9.16657435191
(300, 40),dw,-7.86320159795
(260, 300),rt,0
(400, 220),dw,0
(320, 0),up,0
(300, 220),dw,0
(140, 340),lt,-13.6026960187
(300, 200),up,0
(300, 140),up,-27.5573121797
(220, 140),rt,-8.80960208149
(40, 200),lt,-14.4124580917
(300, 20),dw,0
(100, 160),lt,-9.96220443588
(240, 400),up,0
(380, 20),up,0
(20, 300),lt,0
(400, 60),up,0
(160, 300),lt,-3.92923796388
(0, 240),rt,0
(0, 260),dw,0
(400, 160),lt,0
(60, 140),lt,-10.5366983766
(60, 400),up,0
(300, 160),dw,-9.70653407862
(340, 380),rt,-0.05
(220, 320),lt,-1.94554546234
(40, 80),rt,-38.2534704104
(80, 0),lt,0
(340, 120),rt,0
(240, 80),up,-9.68328041893
(140, 20),rt,0
(20, 100),lt,0
(380, 20),lt,0
(280, 380),lt,-0.279201813166
(0, 40),up,0
(40, 340),up,-9.02283375822
(20, 160),lt,0
(80, 160),rt,-10.0365613155
(300, 300),lt,0
(0, 100),lt,0
(400, 40),dw,0
(220, 120),lt,-9.19412140904
(360, 360),dw,-0.05
(260, 280),rt,0
(280, 100),lt,-9.14479053871
(240, 160),rt,-8.64714396467
(0, 340),rt,0
(320, 280),rt,0
(140, 200),up,-8.3228108878
(240, 20),up,0
(140, 140),up,-9.59298804284
(20, 220),lt,0
(20, 180),dw,0
(0, 300),dw,0
(40, 400),dw,0
(0, 120),rt,0
(360, 180),lt,-4.08480305281
(160, 240),rt,-6.12770258183
(300, 380),rt,-0.1495125
(180, 300),rt,-3.6010908979
(380, 140),dw,0
(260, 400),rt,0
(180, 60),up,-11.0700638015
(140, 140),lt,-9.60132607197
(240, 280),rt,0
(20, 40),up,0
(120, 220),rt,0
(200, 340),rt,62.2995674771
(300, 320),lt,-0.314632292842
(100, 260),rt,-23.7023634412
(240, 140),up,-8.90559058017
(320, 260),lt,0
(200, 100),dw,-9.5699242498
(360, 0),lt,0
(380, 60),up,0
(80, 400),dw,0
(340, 120),up,0
(200, 300),dw,-3.33408737346
(380, 100),lt,0
(0, 100),up,0
(100, 0),lt,0
(120, 20),up,0
(340, 100),dw,0
(160, 280),rt,-4.65698908579
(0, 160),lt,0
(20, 380),dw,0
(260, 320),dw,-1.10993590594
(0, 400),rt,0
(360, 220),rt,-9.76213465563
(80, 20),up,0
(120, 340),rt,0
(60, 320),dw,-9.90947713554
(320, 0),dw,0
(160, 200),up,-7.62592739414
(280, 80),rt,-9.57936817978
(0, 60),up,0
(80, 160),up,-10.1421216697
(280, 20),rt,0
(160, 40),dw,-15.3121908914
(260, 140),dw,-8.84549764114
(80, 20),lt,0
(240, 220),lt,0
(40, 200),up,-10.5872872136
(140, 60),rt,-11.1948903878
(140, 340),up,-1.18983600161
(0, 60),dw,0
(0, 240),up,0
(200, 0),rt,0
(280, 140),rt,-8.70393157319
(340, 380),up,-0.099875
(160, 340),lt,1.23897147457
(0, 20),dw,0
(120, 240),rt,0
(140, 80),lt,-10.7160490112
(240, 320),lt,-1.14149638715
(320, 380),rt,-0.0975
(260, 340),dw,-0.927928484477
(300, 220),up,0
(360, 260),up,-0.200531784478
(280, 340),dw,2.13219703214
(340, 200),rt,0
(360, 400),dw,0
(360, 140),rt,-9.75722500095
(140, 120),dw,-9.90503269873
(100, 220),rt,-19.4531799106
(320, 60),dw,-10.7987933864
(320, 140),rt,-10.0708271633
(280, 60),lt,-9.7189864725
(240, 240),lt,0
(100, 280),rt,-9.98056447192
(240, 40),dw,-6.74462849122
(60, 0),lt,0
(60, 360),up,-10.024230605
(100, 20),lt,0
(300, 280),dw,0
(320, 80),dw,-27.2495415212
(80, 340),rt,-10.8700406968
(220, 60),dw,-9.85576815592
(120, 120),lt,-23.8709692774
(280, 220),rt,0
(160, 320),up,-3.01087449176
(20, 260),up,0
(400, 200),rt,0
(40, 380),rt,-10.841193647
(160, 80),rt,-10.4670729705
(60, 260),dw,-9.86009103921
(140, 280),rt,-5.40911156384
(340, 140),lt,-8.84382294695
(280, 280),up,0
(200, 60),up,-10.5734959922
(400, 0),lt,0
(220, 300),dw,-6.40502595534
(200, 160),rt,-8.13046304646
(340, 320),up,0
(240, 140),dw,-8.90468816429
(80, 360),lt,-9.98264676752
(160, 260),up,-5.40031961869
(280, 340),rt,87.5759009567
(20, 260),rt,0
(80, 400),up,0
(320, 80),up,-14.5547677795
(100, 120),lt,0
(80, 200),up,-9.95504847965
(0, 20),rt,0
(0, 140),dw,0
(0, 200),lt,0
(240, 380),up,-0.644083111723
(100, 280),up,-7.46360614807
(280, 140),dw,-8.6725913507
(0, 380),lt,0
(340, 380),dw,-5.0
(380, 300),up,0
(340, 320),lt,0
(180, 220),rt,-6.42411596545
(120, 20),rt,0
(60, 160),lt,-9.98461055927
(400, 200),up,0
(180, 140),dw,-8.36883511286
(380, 40),lt,0
(320, 160),up,-8.71216693063
(220, 100),rt,-9.52329660931
(280, 220),up,0
(100, 100),rt,0
(180, 380),dw,-5.0
(220, 300),rt,-9.9875
(380, 60),dw,0
(60, 300),dw,-9.87311619001
(280, 380),dw,-9.752375
(0, 80),dw,0
(400, 260),up,0
(60, 260),rt,-9.88591860389
(80, 300),dw,-9.84354919812
(120, 400),up,0
(240, 80),dw,-9.67430312346
(260, 220),rt,0
(240, 220),dw,0
(180, 160),rt,-8.22117664571
(380, 220),rt,0
(40, 200),rt,-7.70260561344
(140, 240),up,-9.28771132909
(400, 300),rt,0
(340, 60),lt,-10.1853157717
(40, 320),rt,-13.2453195818
(400, 160),rt,0
(380, 120),rt,0
(140, 400),lt,0
(160, 200),rt,-7.67581059174
(40, 360),lt,-14.9245906891
(280, 260),up,0
(260, 60),lt,-9.65906447368
(380, 180),dw,0
(300, 280),up,0
(180, 360),dw,-1.79905844585
(60, 120),dw,0
(0, 180),lt,0
(120, 380),dw,0
(100, 380),lt,-10.9265159043
(300, 40),up,-19.0353448011
(40, 160),lt,-14.2495416714
(200, 400),rt,0
(120, 40),rt,-17.630851818
(280, 0),dw,0
(280, 100),rt,-18.9165687376
(240, 200),rt,0
(280, 20),up,0
(400, 380),lt,0
(140, 100),up,-10.2480872806
(280, 80),up,-9.56677288596
(400, 260),dw,0
(80, 100),up,0
(220, 280),lt,-3.74522716108
(120, 60),dw,-19.5116118466
(340, 180),rt,-4.83578043918
(120, 280),up,0
(240, 0),rt,0
(400, 40),lt,0
(80, 20),dw,0
(320, 120),rt,0
(200, 180),up,-7.59211593957
(100, 180),up,-10.0414610157
(120, 200),lt,0
(220, 20),dw,0
(260, 140),rt,-8.86934461405
(360, 400),lt,0
(160, 260),dw,-5.36858590551
(100, 300),lt,-8.36859173614
(60, 200),up,-9.94780018495
(140, 220),dw,-6.39868670428
(360, 340),rt,0
(340, 120),dw,0
(60, 20),up,0
(160, 180),lt,-8.12582122381
(340, 340),rt,0
(280, 40),lt,-7.4543657556
(0, 260),rt,0
(240, 160),up,-8.66469366741
(280, 400),lt,0
(340, 200),dw,0
(60, 60),up,0
(380, 400),up,0
(360, 80),lt,-9.04758023541
(320, 380),dw,-5.0
(240, 60),rt,-9.76183610185
(380, 100),dw,0
(380, 280),dw,0
(240, 200),up,0
(80, 240),dw,-9.77884438121
(80, 60),dw,0
(60, 200),rt,-9.96093085251
(180, 200),rt,-7.05980382822
(260, 240),lt,0
(20, 240),dw,0
(100, 260),dw,-7.76054753347
(300, 40),rt,-7.80111426324
(260, 120),dw,-9.13569510612
(120, 180),lt,-13.0320862084
(0, 340),up,0
(100, 140),lt,-9.95146500508
(180, 300),dw,-1.81095754824
(340, 400),dw,0
(80, 120),lt,0
(300, 340),up,-1.92577621439
(100, 300),dw,-8.90205944903
(360, 380),dw,-5.0
(40, 400),rt,0
(80, 320),lt,-9.86811142514
(80, 140),lt,-12.0570724303
(60, 360),dw,-10.0494048866
(160, 0),rt,0
(320, 280),dw,0
(160, 380),rt,-0.705422146056
(140, 120),up,-9.91695236846
(60, 300),up,-9.89050146031
(360, 260),dw,-5.0996253125
(220, 20),rt,0
(20, 200),dw,0
(360, 380),up,-0.05
(380, 360),rt,0
(180, 0),rt,0
(300, 140),rt,-8.62309906195
(180, 320),up,-2.65989577032
(360, 160),up,-5.38966828435
(160, 160),up,-8.72589574368
(120, 160),up,-9.6610630958
(340, 20),dw,0
(280, 180),rt,-10.7984661956
(160, 100),lt,-10.0831703881
(240, 360),up,-1.58214738991
(380, 180),lt,0
(220, 200),dw,-7.933180902
(380, 260),rt,0
(80, 220),rt,-10.1051758192
(240, 260),lt,0
(0, 240),dw,0
(340, 160),lt,-8.43955649676
(220, 220),dw,-7.84874312074
(300, 20),rt,0
(340, 60),dw,-10.5276561541
(300, 80),rt,-10.0667845976
(400, 140),dw,0
(340, 0),lt,0
(0, 220),dw,0
(240, 360),lt,-1.59216637635
(120, 160),lt,-9.68095973365
(220, 300),up,-5.20934431936
(20, 180),rt,0
(340, 80),up,-9.82691400492
(220, 180),up,-8.27602222816
(80, 40),lt,-34.8830730149
(180, 40),up,-24.0818874602
(140, 360),rt,-1.34765880907
(180, 200),dw,-6.19545286663
(0, 140),up,0
(60, 200),dw,-9.94622499159
(400, 60),dw,0
(280, 0),up,0
(320, 0),rt,0
(380, 280),rt,0
(40, 60),dw,-34.6508847353
(200, 40),lt,-9.19916052296
(240, 60),dw,-9.75935587286
(280, 160),up,-8.71419003597
(140, 180),lt,-8.91488049761
(220, 160),rt,-8.45377479808
(320, 180),dw,-14.8446907379
(180, 180),up,-7.57969066807
(220, 240),rt,-14.7722570332
(120, 360),rt,0
(140, 40),up,-36.0410704908
(180, 80),dw,-10.0325582777
(400, 360),dw,0
(300, 0),rt,0
(360, 340),dw,-0.05
(160, 320),rt,-1.13244050383
(220, 80),up,-9.76179982824
(60, 100),lt,0
(100, 140),up,-14.5228149147
(140, 240),dw,-6.40430740766
(20, 140),dw,0
(40, 100),lt,-63.159418135
(0, 200),dw,0
(0, 340),lt,0
(180, 180),rt,-7.64724824561
(260, 380),lt,-0.437484104711
(280, 280),rt,0
(120, 400),dw,0
(340, 360),lt,-0.05
(200, 240),rt,-6.28331957551
(220, 340),lt,27.5446017738
(280, 260),dw,0
(140, 160),up,-9.24716843575
(160, 300),rt,-3.82639060516
(60, 80),lt,0
(200, 260),dw,-4.77254117922
(0, 120),lt,0
(40, 380),up,-8.49558356786
(320, 220),rt,0
(60, 140),rt,-9.73534714709
(340, 200),up,0
(260, 160),lt,-8.69580476626
(220, 260),rt,-5.0
(80, 280),dw,-9.8368187344
(60, 220),rt,-9.90086509097
(220, 320),rt,-1.88247836069
(400, 340),up,0
(340, 80),rt,-14.1909165864
(220, 400),rt,0
(20, 120),up,0
(360, 200),rt,-9.78784345038
(40, 20),up,0
(180, 360),rt,-1.59709924609
(380, 300),dw,0
(120, 120),dw,-10.1859520445
(380, 120),dw,0
(20, 80),rt,0
(380, 260),up,0
(120, 320),dw,0
(380, 360),dw,0
(20, 220),rt,0
(80, 200),dw,-9.94582574416
(360, 240),rt,-5.0
(40, 160),rt,-8.77991995287
(60, 320),up,-9.90626460563
(120, 340),lt,0
(180, 160),dw,-7.61825832763
(360, 180),rt,-5.0
(200, 240),up,-5.96717685034
(80, 320),dw,-9.88750499583
(80, 380),lt,-11.8551385893
(80, 300),rt,-10.0110297453
(200, 360),lt,-1.62021906616
(280, 20),lt,0
(40, 240),dw,-7.49271265407
(0, 280),rt,0
(240, 320),dw,2.31210811798
(300, 240),lt,0
(100, 380),up,-13.6203116689
(140, 380),up,-0.533227257094
(320, 320),rt,0
(400, 140),up,0
(220, 120),rt,-9.20461113767
(400, 340),lt,0
(180, 40),dw,-11.7740799388
(0, 0),dw,0
(40, 20),lt,0
(40, 140),up,-18.998407462
(160, 20),lt,0
(100, 320),dw,-7.3526583545
(200, 0),lt,0
(320, 120),lt,0
(200, 20),rt,0
(400, 240),lt,0
(340, 40),rt,-13.6636281305
(400, 180),lt,0
(320, 260),rt,0
(340, 360),up,-0.0975
(0, 320),dw,0
(300, 180),up,-10.5193938913
(60, 280),dw,-9.86653422209
(220, 180),rt,-8.1292922678
(300, 380),up,-0.160896155007
(400, 20),dw,0
(40, 40),lt,-65.5082919403
(40, 300),rt,-9.76456961422
(60, 100),up,0
(140, 220),lt,-9.9875
(220, 80),lt,-9.74424047993
(200, 360),dw,-2.01304370376
(260, 0),dw,0
(20, 40),lt,0
(200, 220),dw,-6.42524044882
(140, 40),lt,-17.4438490293
(220, 380),lt,-0.868529527986
(80, 220),up,-9.91804181478
(0, 0),rt,0
(120, 320),lt,0
(240, 120),dw,-9.22399238835
(280, 220),lt,0
(60, 400),dw,0
(160, 240),up,-6.22411549773
(80, 20),rt,0
(360, 320),lt,0
(40, 380),dw,-14.2703619208
(120, 100),dw,-10.8688169584
(280, 0),lt,0
(340, 300),lt,0
(240, 320),rt,-1.17044054922
(80, 260),dw,-9.8066297838
(120, 300),dw,0
(80, 120),rt,0
(40, 0),rt,0
(340, 220),lt,0
(300, 360),rt,-0.48225998686
(380, 140),lt,0
(0, 200),up,0
(380, 200),up,0
(360, 20),dw,0
(80, 280),lt,-9.82793194547
(140, 120),rt,-9.90361256897
(100, 200),lt,-13.2587205046
(100, 340),up,-7.23026269138
(60, 380),rt,-7.8930739789
(20, 220),dw,0
(80, 180),rt,-10.0406280658
(360, 20),lt,0
(20, 340),lt,0
(0, 40),rt,0
(340, 160),up,-8.53965664817
(200, 140),rt,-8.66841522287
(220, 340),dw,-1.23240315028
(400, 60),lt,0
(120, 120),rt,-10.3859483193
(120, 300),lt,0
(240, 380),rt,-0.552358990677
(200, 320),lt,-2.40459599435
(60, 60),dw,0
(20, 200),lt,0
(320, 120),dw,0
(0, 360),lt,0
(80, 0),dw,0
(400, 180),up,0
(340, 240),dw,0
(400, 0),rt,0
(180, 200),up,-7.13654489094
(0, 80),lt,0
(220, 260),dw,-4.95857479212
(60, 300),lt,-9.86910981501
(340, 160),rt,-8.70572817358
(400, 300),up,0
(60, 360),lt,-10.2438409585
(360, 60),up,-10.329003796
(200, 220),lt,-6.44634211223
(300, 400),dw,0
(240, 60),up,-9.90725136376
(360, 100),lt,0
(0, 0),up,0
(200, 120),rt,-9.15156784599
(240, 100),lt,-9.50483494067
(120, 400),rt,0
(360, 220),dw,-5.30538866502
(0, 360),dw,0
(380, 80),lt,0
(360, 100),up,0
(240, 320),up,-9.73950678607
(60, 20),rt,0
(380, 220),lt,0
(300, 360),lt,-0.487825985219
(260, 240),dw,0
(120, 160),dw,-9.7382393746
(180, 120),dw,-8.88987330332
(400, 360),rt,0
(120, 180),up,-9.75179514756
(100, 180),rt,-10.0710982937
(40, 300),up,-12.8525812322
(60, 240),rt,-9.84650232237
(140, 320),lt,-9.84920054759
(20, 200),up,0
(200, 100),rt,-9.56529244611
(400, 340),dw,0
(0, 240),lt,0
(380, 380),dw,0
(120, 220),dw,0
(280, 360),lt,-0.416802989766
(160, 160),dw,-8.70245753917
(40, 140),rt,-9.94975279385
(260, 140),up,-8.84282101541
(140, 160),dw,-9.21544368178
(120, 40),lt,-26.5794947759
(340, 220),dw,0
(40, 0),dw,0
(20, 340),up,0
(380, 60),rt,0
(80, 160),lt,-10.0324789227
(80, 80),rt,0
(340, 360),rt,-0.05
(340, 180),lt,-5.46525523868
(400, 180),dw,0
(260, 280),lt,0
(0, 280),up,0
(40, 260),lt,-14.7781810428
(100, 240),dw,-12.6591191375
(240, 120),lt,-9.23075309271
(200, 80),dw,-9.91028021824
(100, 360),dw,-8.54605393476
(100, 240),lt,-11.1817080214
(40, 360),rt,-14.3835699103
(180, 400),rt,0
(320, 100),lt,0
(200, 280),dw,-4.04121183245
(360, 300),rt,-5.0
(400, 380),dw,0
(20, 300),rt,0
(220, 280),up,-7.18389449389
(240, 180),rt,-8.54989019457
(240, 300),up,0
(280, 80),lt,-9.57092965321
(20, 40),dw,0
(360, 0),up,0
(160, 240),lt,-6.19484159117
(300, 340),dw,2.72597959483
(260, 340),lt,29.1614806539
(100, 140),dw,-9.91221695685
(40, 60),up,-40.3025471792
(400, 140),rt,0
(120, 0),rt,0
(260, 360),up,0.855658414116
(100, 400),rt,0
(20, 380),up,0
(20, 180),up,0
(140, 400),dw,0
(220, 400),up,0
(40, 240),up,-7.47717802774
(280, 200),lt,0
(280, 260),lt,0
(220, 260),up,-4.09653871505
(360, 80),dw,-14.5741041265
(180, 280),lt,-4.42086361159
(300, 180),lt,-10.3635700665
(320, 400),dw,0
(100, 300),rt,-18.957011271
(140, 240),lt,-9.9316483443
(140, 160),rt,-9.21265599757
(400, 240),up,0
(320, 80),rt,-11.2321907459
(300, 240),rt,0
(320, 40),up,-24.0542341214
(200, 0),up,0
(20, 160),up,0
(40, 240),lt,-18.9305247686
(360, 140),lt,-7.94711115466
(400, 340),rt,0
(220, 320),up,-2.06050373586
(300, 400),lt,0
(360, 400),rt,0
(20, 380),lt,0
(0, 300),up,0
(400, 260),rt,0
(340, 100),lt,0
(60, 240),dw,-9.84218252256
(320, 20),lt,0
(320, 340),rt,0
(220, 280),rt,-9.89987612038
(40, 60),lt,-47.6765232252
(220, 60),up,-10.0102763731
(160, 300),up,-4.08470416285
(20, 300),up,0
(260, 240),rt,0
(20, 280),dw,0
(400, 40),rt,0
(100, 80),lt,0
(400, 200),lt,0
(0, 60),rt,0
(280, 140),lt,-8.76199690213
(300, 200),lt,0
(300, 260),up,0
(380, 300),lt,0
(260, 200),up,0
(400, 220),rt,0
(200, 200),dw,-6.96962875341
(120, 140),rt,-9.92690851102
(100, 140),rt,-10.8778372623
(320, 100),up,0
(120, 100),up,-18.2814001586
(80, 80),up,0
(320, 40),dw,-10.9197844935
(320, 320),up,0
(380, 260),lt,0
(140, 360),up,-5.56798829663
(200, 160),lt,-8.14153240293
(100, 120),up,0
(40, 0),up,0
(200, 280),rt,-4.22932552232
(400, 80),lt,0
(40, 360),dw,-10.7985846717
(360, 40),rt,-19.9415589653
(160, 100),dw,-10.0627339526
(360, 320),dw,-0.05
(100, 40),lt,-28.3624122416
(20, 180),lt,0
(280, 0),rt,0
(320, 300),lt,0
(360, 280),lt,-5.0
(60, 280),up,-9.89002603444
(40, 0),lt,0
(40, 380),lt,-9.9875
(340, 260),rt,0
(280, 360),dw,-0.37449222493
(100, 80),dw,0
(20, 100),dw,0
(40, 180),rt,-7.01739961642
(220, 100),lt,-9.53182373912
(380, 180),rt,0
(180, 340),lt,17.303755475
(280, 140),up,-9.35172168881
(320, 400),lt,0
(160, 200),dw,-7.52415663011
(360, 20),rt,0
(220, 240),lt,-6.19164370351
(120, 360),lt,0
(180, 240),up,-5.67875096215
(320, 160),dw,-8.74682495727
(280, 60),rt,-9.72278405453
(160, 220),lt,-6.90078151704
(180, 300),up,-3.55225253737
(300, 0),lt,0
(200, 40),dw,-9.12327064961
(260, 260),lt,0
(300, 400),up,0
(400, 20),lt,0
(260, 220),dw,0
(300, 220),lt,0
(260, 220),lt,0
(180, 180),lt,-7.73273638683
(80, 180),up,-10.0453051227
(260, 120),lt,-9.13745858657
(0, 360),rt,0
(400, 300),lt,0
(340, 320),dw,-0.053023671875
(380, 200),rt,0
(80, 100),dw,0
(360, 220),lt,-14.2985901506
(180, 240),rt,-5.67823989887
(200, 120),dw,-9.14805171813
(340, 140),rt,-8.8292402064
(360, 360),rt,0
(300, 100),dw,0
(180, 40),lt,-12.6186727896
(220, 100),dw,-9.50506020097
(240, 260),rt,0
(100, 220),up,-9.17942839772
(260, 100),rt,-9.66168077797
(400, 0),dw,0
(20, 60),rt,0
(80, 360),up,-9.9751486354
(60, 280),rt,-9.8775746673
(160, 60),lt,-10.8416912875
(60, 60),rt,0
(400, 320),rt,0
(20, 400),up,0
(320, 240),up,0
(60, 320),lt,-9.92497968072
(260, 280),up,0
(20, 80),lt,0
(100, 200),up,-10.0523869473
(340, 280),dw,0
(80, 40),rt,-20.3410979874
(180, 160),lt,-8.22767977088
(380, 180),up,0
(220, 220),up,-7.80413005833
(0, 380),rt,0
(320, 100),dw,0
(400, 80),dw,0
(380, 100),up,0
(200, 280),up,-4.04309356117
(20, 0),rt,0
(100, 20),dw,0
(60, 380),dw,-14.6565874128
(240, 340),lt,30.0638783163
(100, 240),up,-8.27660909918
(40, 220),rt,-7.17550332714
(340, 180),up,-4.80340903403
(200, 20),up,0
(320, 20),up,0
(160, 80),dw,-10.4702666676
(200, 200),up,-6.96644440783
(400, 200),dw,0
(380, 60),lt,0
(320, 240),lt,0
(380, 160),up,0
(120, 40),up,-49.558522119
(340, 400),rt,0
(300, 380),dw,-5.0
(180, 120),up,-9.19948704217
(220, 60),rt,-9.84383778745
(40, 40),dw,-37.9257642478
(40, 100),rt,-50.8082720001
(240, 120),rt,-9.21374125407
(260, 20),dw,0
(80, 240),up,-9.77502676527
(140, 220),up,-6.44515531117
(320, 100),rt,0
(20, 80),dw,0
(400, 100),dw,0
(60, 80),rt,0
(160, 140),rt,-9.20648951001
(200, 360),rt,-0.670835907452
(0, 400),lt,0
(260, 240),up,0
(40, 20),dw,0
(260, 60),rt,-9.67154319652
(160, 40),lt,-15.3639950313
(220, 400),dw,0
(280, 300),rt,0
(340, 80),dw,-19.5733446017
(320, 400),up,0
(400, 240),dw,0
(0, 180),rt,0
(260, 220),up,0
(0, 320),rt,0
(160, 20),up,0
(20, 100),up,0
(400, 160),dw,0
(0, 260),lt,0
(260, 260),up,0
(340, 400),up,0
(280, 40),up,-14.5383416702
(240, 100),up,-9.50889415715
(0, 0),lt,0
(160, 400),dw,0
(240, 60),lt,-9.76096959262
(180, 240),dw,-4.5424854282
(180, 360),up,-1.76243476703
(100, 160),up,-10.0116180035
(140, 240),rt,-5.62472529472
(300, 140),lt,-8.52957907629
(180, 200),lt,-7.24332142467
(400, 280),rt,0
(20, 160),rt,0
(300, 0),dw,0
(300, 340),lt,28.3341660785
(160, 220),dw,-6.77443615131
(40, 40),rt,-40.5119449265
(0, 280),dw,0
(100, 120),dw,0
(280, 180),lt,-9.53682006576
(340, 0),dw,0
(360, 300),up,-0.099875
(20, 40),rt,0
(20, 380),rt,0
(380, 0),rt,0
(220, 160),dw,-8.45493678216
(340, 100),rt,0
(380, 80),up,0
(160, 180),rt,-8.10719571703
(40, 400),lt,0
(100, 40),up,-72.7827018091
(260, 200),dw,0
(80, 200),rt,-10.8921946587
(40, 60),rt,-43.4410835732
(320, 340),lt,0
(140, 200),dw,-10.3879584245
(400, 80),up,0
(300, 60),lt,-9.96674508028
(0, 180),up,0
(100, 80),rt,0
(80, 280),up,-9.79724068474
(140, 360),dw,-1.33944865625
(120, 80),dw,-16.9560002827
(200, 160),up,-8.12682832028
(380, 300),rt,0
(140, 360),lt,-5.0
(260, 60),up,-10.12070628
(240, 280),dw,0
(260, 160),up,-8.6848090778
(120, 100),lt,-19.6204317478
(20, 400),dw,0
(300, 80),dw,-14.88522743
(280, 160),rt,-8.72861104637
(380, 220),dw,0
(260, 200),lt,0
(240, 0),dw,0
(220, 0),rt,0
(0, 120),dw,0
(80, 280),rt,-9.81669284614
(80, 60),up,0
(120, 20),dw,0
(200, 120),lt,-9.16170784592
(80, 220),lt,-9.90010606012
(280, 180),dw,-19.682164496
(140, 40),rt,-19.296318527
(400, 360),up,0
(180, 380),lt,-0.785564974376
(260, 380),dw,-5.0
(260, 40),up,-23.2477780289
(340, 100),up,0
(240, 160),dw,-8.69236275302
(300, 200),dw,0
(180, 180),dw,-6.87786505775
(360, 140),up,-14.5418238138
(360, 320),rt,0
(300, 120),up,0
(40, 40),up,-71.550900537
(400, 360),lt,0
(360, 380),lt,-0.06365625
(60, 240),lt,-9.88192390931
(320, 160),lt,-8.65799018078
(200, 40),up,-19.0452108893
(340, 180),dw,-14.2863920927
(80, 340),up,-9.97223560835
(160, 360),rt,-1.92977097815
(40, 160),dw,-11.1644090369
(140, 180),dw,-8.75844960536
(180, 260),lt,-5.06031808622
(180, 280),up,-4.26937253589
(180, 100),up,-9.63862600444
(220, 260),lt,-4.05204911931
(0, 380),up,0
(180, 340),dw,0.328521660317
(80, 40),up,-57.2786320568
(320, 140),up,-9.9875
(340, 80),lt,-9.91002207888
(280, 200),up,0
(220, 300),lt,-5.57224920516
(220, 140),dw,-8.80505839773
(220, 400),lt,0
(220, 20),up,0
(200, 320),dw,-2.39772427371
(300, 240),dw,0
(300, 220),rt,0
(360, 280),dw,-0.099875
(140, 380),lt,-5.0
(380, 360),up,0
(120, 80),lt,-19.7042350709
(240, 360),dw,-1.60776402005
(20, 240),rt,0
(160, 260),lt,-5.58166464632
(80, 380),dw,-14.8927638057
(200, 140),up,-8.70583986719
(260, 340),up,-2.55378064239
(200, 320),rt,-2.41789435366
(80, 120),dw,0
(260, 80),rt,-9.5977774274
(360, 300),lt,-5.0
(20, 120),dw,0
(220, 220),rt,-14.5484735014
(360, 180),up,-4.08566715013
(260, 360),dw,-1.107314375
(380, 260),dw,0
(140, 180),rt,-8.68817710786
(240, 120),up,-9.22581187856
(340, 20),rt,0
(40, 260),up,-9.56903138212
(20, 360),rt,0
(120, 120),up,-11.1992873135
(0, 280),lt,0
(340, 300),dw,0
(400, 140),lt,0
(100, 20),up,0
(240, 400),dw,0
(300, 140),dw,-8.58217560109
(380, 80),rt,0
(320, 20),dw,0
(280, 60),up,-9.80467360112
(20, 120),lt,0
(360, 300),dw,-5.049875
(180, 400),dw,0
(220, 380),dw,-5.0
(320, 60),rt,-10.1863514014
(100, 360),rt,-18.9878448727
(380, 360),lt,0
(260, 380),rt,-0.411814752467
(360, 360),up,-0.05
(100, 240),rt,-14.3886188364
(340, 280),lt,0
(240, 340),rt,71.4559967365
(340, 360),dw,-0.2875
(140, 320),rt,-5.48456475926
(40, 280),up,-11.8787575179
(20, 320),rt,0
(320, 200),up,0
(160, 60),dw,-10.8288137593
(0, 100),dw,0
(260, 140),lt,-8.87301282839
(120, 380),rt,0
(280, 160),dw,-9.24162544877
(40, 140),dw,-17.9004172165
(400, 320),up,0
(360, 340),lt,0
(320, 240),rt,0
(80, 120),up,0
(300, 180),dw,-31.4990399479
(340, 400),lt,0
(360, 200),dw,-7.47939293019
(180, 80),up,-10.1023688851
(140, 100),rt,-10.2528847066
(320, 200),rt,0
(320, 340),up,0
(40, 120),rt,-37.8499938893
(180, 120),lt,-9.22186071197
(340, 280),up,0
(400, 300),dw,0
(40, 260),rt,-12.2746108216
(60, 160),dw,-9.98236649301
(280, 40),dw,-7.4027511799
(0, 60),lt,0
(140, 180),up,-8.81508469705
(260, 40),dw,-6.91875766265
(380, 320),lt,0
(60, 200),lt,-9.98951959078
(340, 40),lt,-13.4913652006
(120, 200),up,0
(100, 0),up,0
(0, 140),lt,0
(360, 200),up,-2.7225979997
(220, 360),dw,-1.83885715578
(40, 80),up,-37.1190777882
(200, 280),lt,-4.03719293986
(300, 400),rt,0
(60, 380),lt,-9.87242984354
(120, 300),up,0
(140, 300),up,-6.67994071682
(180, 160),up,-8.27587401508
(340, 160),dw,-8.68254093248
(200, 140),lt,-8.69482372807
(20, 80),up,0
(220, 200),lt,-12.3669884947
(160, 400),rt,0
(40, 300),dw,-9.8623400597
(340, 240),rt,0
(120, 80),up,-16.2793310237
(80, 360),rt,-10.1013328747
(360, 20),up,0
(380, 400),rt,0
(280, 200),rt,0
(380, 120),up,0
(380, 160),rt,0
(220, 20),lt,0
(120, 40),dw,-24.2389814514
(180, 280),rt,-4.2759780807
(400, 240),rt,0
(200, 400),dw,0
(100, 40),dw,-62.3611434864
(100, 100),dw,0
(160, 160),lt,-8.72304561723
(0, 160),dw,0
(180, 0),lt,0
(340, 220),up,0
(240, 300),rt,0
(260, 60),dw,-9.670743605
(140, 200),lt,-14.8078304509
(340, 300),up,0
(180, 100),lt,-9.65172806578
(400, 400),up,0
(200, 140),dw,-8.66809071842
(60, 180),dw,-9.93829771233
(360, 320),up,-0.05
(360, 200),lt,-5.0
(140, 120),lt,-10.5467811768
(120, 400),lt,0
(360, 400),up,0
(300, 300),up,0
(300, 60),rt,-9.97923173826
(140, 280),dw,-5.98511914693
(0, 40),lt,0
(300, 120),rt,0
(160, 360),up,-1.97238887383
(40, 200),dw,-7.89884492231
(320, 120),up,0
(140, 80),dw,-10.8819353162
(320, 360),rt,-0.05
(60, 100),dw,0
(380, 240),rt,0
(120, 100),rt,-14.8930238642
(260, 40),lt,-6.95310766538
(280, 220),dw,0
(160, 220),up,-6.83224514542
(240, 380),lt,-0.555416598055
(260, 260),dw,0
(80, 340),dw,-9.97305701889
(220, 240),up,-6.2502526632
(80, 60),lt,0
(380, 320),dw,0
(100, 280),dw,-12.0763243538
(260, 0),lt,0
(320, 140),dw,-8.49744920069
(320, 300),rt,0
(40, 340),rt,-9.03563380818
(360, 140),dw,-8.90606873192
(380, 340),rt,0
(180, 380),rt,-0.586298610331
(400, 80),rt,0
(160, 0),up,0
(40, 140),lt,-28.0765139223
(360, 80),up,-12.43010225
(20, 340),rt,0
(180, 220),dw,-5.35861276655
(400, 20),rt,0
(60, 60),lt,0
(220, 0),up,0
(300, 260),lt,0
(100, 40),rt,-21.7066366165
(360, 120),up,0
(160, 180),up,-8.17186476885
(300, 60),up,-10.087425094
(180, 60),dw,-10.4985512134
(380, 160),dw,0
(60, 20),lt,0
(100, 320),lt,-9.69919882327
(20, 60),dw,0
(260, 100),dw,-9.44125680771
(280, 280),lt,0
(180, 400),lt,0
(200, 240),lt,-5.92554682855
(20, 260),dw,0
(180, 320),rt,-2.37594091289
(280, 180),up,-10.6972171239
(180, 40),rt,-16.9895845251
(200, 180),lt,-7.58536599555
(300, 100),rt,0
(200, 160),dw,-8.12140471051
(340, 140),dw,-8.9119467604
(220, 360),rt,-1.66694389979
(360, 160),rt,-18.7252973628
(280, 20),dw,0
(360, 100),rt,0
(240, 100),rt,-9.49734382709
(200, 80),up,-9.90841358096
(260, 260),rt,0
(140, 260),dw,-3.40184445277
(60, 320),rt,-9.92875990132
(220, 60),lt,-9.82375419327
(60, 0),up,0
(260, 320),rt,-5.68270592546
(180, 360),lt,-1.83474447092
(20, 340),dw,0
(320, 40),lt,-13.7901145929
(280, 240),rt,0
(320, 340),dw,0
(40, 260),dw,-8.49619831614
(380, 380),up,0
(240, 240),dw,0
(200, 300),rt,-3.97034327688
(20, 0),up,0
(40, 360),up,-14.2310104115
(320, 380),up,1.76337453862
(200, 340),dw,-1.47099769053
(360, 240),lt,-5.0
(140, 160),lt,-9.23688445695
(0, 400),up,0
(60, 180),rt,-9.9426747069
(20, 100),rt,0
(60, 120),lt,0
(260, 400),dw,0
(280, 360),rt,-0.363339132834
(140, 300),rt,-7.64393283324
(0, 320),lt,0
(400, 220),up,0
(0, 100),rt,0
(280, 120),up,-8.52520963149
(160, 60),rt,-10.826918751
(220, 320),dw,-1.91666553646
(60, 40),up,-65.251357553
(400, 260),lt,0
(80, 240),lt,-9.79615148064
(100, 400),lt,0
(200, 0),dw,0
(200, 260),rt,-4.83361567562
(280, 200),dw,0
(160, 300),dw,-3.19941661314
(80, 100),lt,0
(360, 40),dw,-19.9437679794
(280, 400),dw,0
(140, 60),dw,-11.473186785
(380, 80),dw,0
(200, 20),lt,0
(60, 160),up,-10.0604035946
(160, 40),rt,-15.248870627
(0, 160),up,0
(180, 20),rt,0
(240, 20),rt,0
(200, 200),rt,-6.987002433
(280, 80),dw,-9.55311072052
(180, 80),rt,-10.0577083168
(20, 360),dw,0
(220, 180),lt,-8.08606455092
(300, 160),rt,-8.84685263882
(220, 240),dw,-8.55712849463
(40, 220),up,-7.43394161859
(20, 160),dw,0
(340, 340),up,-0.05
(260, 80),dw,-9.61615011647
(120, 380),up,0
(60, 340),dw,-10.0734857117
(360, 0),dw,0
(60, 340),lt,-10.4248973792
(20, 400),lt,0
(40, 280),rt,-9.57445250654
(320, 200),dw,0
(380, 220),up,0
(280, 320),up,-9.75892376562
(140, 100),dw,-10.2411534198
(160, 100),up,-10.0860586843
(320, 280),up,0
(80, 260),up,-9.82080112936
(280, 360),up,3.54323398114
(300, 180),rt,-15.0936355314
(100, 360),up,-13.0371513834
(0, 220),rt,0
(380, 380),lt,0
(120, 140),lt,-9.92408990294
(240, 220),rt,0
(100, 200),dw,-10.0833125148
(380, 280),up,0
(380, 340),up,0
(200, 380),lt,-5.30778559278
(60, 0),dw,0
(280, 100),up,-9.12146071016
(60, 340),up,-10.0723623051
(220, 200),rt,-19.2474736248
(320, 180),lt,-10.0417525046
(200, 400),up,0
(380, 20),rt,0
(360, 240),up,-0.266328992891
(220, 120),up,-9.20727837139
(260, 120),up,-9.16451821033
(260, 100),lt,-9.46316801639
(80, 180),lt,-10.0304699609
(240, 240),up,0
(280, 380),up,-5.09065150005
(240, 80),lt,-9.66667930916
(80, 140),up,-18.1973956822
(60, 180),up,-9.93708404806
(300, 320),up,-5.27561870307
(360, 260),lt,-5.0
(60, 400),lt,0
(380, 40),dw,0
(320, 300),up,0
(80, 300),up,-9.85201084399
(140, 260),up,-3.29316421817
(300, 200),rt,0
(180, 100),rt,-9.64444733575
(320, 260),up,0
(180, 240),lt,-5.72867271073
(300, 340),rt,97.6336804888
(340, 260),lt,0
(40, 80),dw,-35.2660122386
(20, 240),up,0
(140, 40),dw,-13.6243961159
(20, 300),dw,0
(220, 100),up,-9.51871058586
(180, 140),lt,-8.83086478458
(60, 0),rt,0
(300, 320),rt,-3.93983029223
(220, 0),dw,0
(200, 80),rt,-9.90845890511
(60, 280),lt,-10.081071778
(40, 340),dw,-8.97987610998
(340, 340),dw,-0.06365625
(400, 40),up,0
(280, 400),up,0
(220, 360),up,-1.6752655783
(240, 300),dw,0
(300, 280),rt,0
(260, 300),dw,0
(160, 120),dw,-9.61433016096
(60, 220),up,-9.87566232712
(140, 260),lt,-14.3900151922
(360, 120),dw,0
(140, 0),rt,0
(360, 280),rt,-5.0
(360, 180),dw,-8.08220623846
(80, 60),rt,0
(300, 360),up,-0.559011714452
(380, 200),lt,0
(180, 220),up,-6.3742542396
(320, 360),dw,-0.2875
(220, 220),lt,-8.54594253157
(180, 260),rt,-5.01464917447
(260, 200),rt,0
(100, 180),lt,-10.0273908747
(320, 80),lt,-15.3985306312
(380, 140),up,0
(180, 340),rt,52.4994499828
(120, 280),dw,0
(360, 40),up,-20.1851650635
(120, 280),lt,0
(220, 40),dw,-6.57774165351
(160, 360),dw,-2.21314328628
(340, 120),lt,0
(100, 120),rt,0
(300, 260),rt,0
(200, 380),up,-0.658744207881
(160, 220),rt,-6.77817719781
(240, 20),dw,0
(140, 380),rt,-0.353822803489
(20, 60),lt,0
(100, 80),up,0
(160, 60),up,-11.7873339143
(120, 320),up,0
(160, 260),rt,-5.40152858903
(320, 360),up,48.665791672
(100, 360),lt,-8.60455015405
(380, 340),dw,0
(0, 300),lt,0
(240, 40),lt,-11.3900620768
(140, 280),up,-6.48703460229
(120, 60),rt,-12.8447695183
(280, 320),lt,-0.668970263529
(400, 120),dw,0
(20, 220),up,0
(280, 100),dw,-9.47985368665
(140, 0),up,0
(0, 180),dw,0
(180, 300),lt,-3.75791271658
(80, 0),rt,0
(240, 180),lt,-8.45567145625
(280, 300),dw,0
(240, 340),dw,4.189313947
(40, 20),rt,0
(120, 220),lt,0
(160, 140),dw,-9.22814986615
(120, 0),lt,0
(60, 80),dw,0
(120, 80),rt,-18.8884998273
(140, 340),rt,20.7763089246
(240, 0),up,0
(40, 100),dw,-31.7773225969
(380, 400),dw,0
(100, 160),rt,-9.95630171101
(120, 140),up,-9.93136303544
(400, 320),dw,0
(200, 360),up,-1.61773965111
(20, 20),up,0
(240, 100),dw,-9.49907680256
(120, 340),up,0
(60, 40),lt,-40.1537436585
(360, 100),dw,0
(80, 360),dw,-10.1985315446
(280, 380),rt,-0.239971203125
(320, 380),lt,-5.0
(0, 320),up,0
(400, 280),dw,0
(80, 200),lt,-9.94105489476
(240, 180),up,-10.9237763355
(160, 120),up,-9.66291982062
(100, 60),dw,0
(340, 240),lt,0
(180, 320),dw,-0.78572625895
(80, 400),lt,0
(0, 380),dw,0
(340, 280),rt,0
(260, 180),lt,-8.6839587088
(80, 260),lt,-9.81961906399
(200, 100),up,-9.58174102254
(120, 240),lt,0
(140, 140),dw,-9.6126106502
(200, 60),lt,-10.1951312569
(240, 40),up,-19.2555513272
(100, 380),dw,-14.96253125
(380, 40),rt,0
(400, 280),lt,0
(0, 140),rt,0
(360, 360),lt,-0.052375
(280, 120),dw,-8.49403231604
(400, 220),lt,0
(400, 400),dw,0
(0, 120),up,0
(360, 220),up,-1.18175397598
(360, 380),rt,0
(140, 320),up,-2.25003890638
(140, 140),rt,-9.58933422455
(380, 20),dw,0
(220, 40),lt,-6.59032595193
(220, 340),up,-1.4495236904
(380, 320),rt,0
(300, 80),up,-10.0441814407
(240, 140),rt,-8.91030306296
(200, 340),up,-2.03214809309
(320, 20),rt,0
(260, 380),up,-0.439904627325
(400, 320),lt,0
(240, 280),up,0
(320, 60),up,-10.7863421873
(360, 40),lt,-16.5938690248
(380, 200),dw,0
(100, 60),rt,0
(300, 160),up,-9.71208952423
(380, 240),lt,0
(20, 140),lt,0
(20, 320),up,0
(40, 180),lt,-22.8611476558
(0, 160),rt,0
(20, 280),lt,0
(140, 80),rt,-10.6846702952
(200, 220),up,-6.46975956919
(360, 60),lt,-8.19748480684
(300, 120),dw,0
(280, 160),lt,-8.73746071061
(20, 0),lt,0
(0, 80),up,0
(80, 320),rt,-10.0543488593
