(280, 340),lt,-12.3811391468
(240, 400),rt,0
(0, 360),up,0
(200, 260),up,-14.2138625987
(200, 320),up,-13.4133822711
(100, 20),rt,0
(140, 340),dw,-12.4537330441
(180, 140),up,-15.2414318985
(280, 320),dw,-15.7098431382
(160, 340),dw,-13.4271859407
(260, 0),up,0
(120, 180),dw,-32.6180489014
(80, 40),dw,-75.88104183
(260, 20),lt,0
(360, 60),dw,-14.5356852666
(340, 0),up,0
(20, 240),lt,0
(180, 280),dw,-14.1349114861
(400, 100),rt,0
(120, 20),lt,0
(100, 340),lt,-14.4084914227
(400, 400),rt,0
(160, 100),rt,-15.3109666879
(100, 100),lt,0
(60, 220),dw,-16.047264616
(340, 20),lt,0
(280, 240),up,0
(100, 60),up,0
(200, 240),dw,-14.4983047906
(140, 20),lt,0
(280, 280),dw,0
(120, 260),lt,0
(120, 140),dw,-15.5654243665
(0, 200),rt,0
(260, 320),lt,-11.6569001657
(60, 260),up,-16.0546690888
(100, 340),dw,-14.3515519392
(120, 340),dw,0
(280, 240),lt,0
(220, 380),up,-12.0991201332
(180, 60),lt,-15.1799962956
(160, 320),dw,-13.6337646318
(260, 40),rt,-13.339165457
(340, 320),rt,-7.79816347779
(200, 300),lt,-13.6848014204
(60, 160),rt,-15.8541850297
(220, 280),dw,-15.6761826743
(200, 40),rt,-18.3999314389
(320, 280),lt,0
(380, 120),lt,0
(320, 160),rt,-14.9630795896
(220, 140),lt,-15.2178617278
(200, 180),rt,-15.0503125091
(120, 280),rt,0
(180, 260),dw,-14.4012531498
(120, 380),lt,0
(380, 0),lt,0
(140, 300),lt,-24.0232337795
(40, 220),lt,-28.6571245691
(360, 120),rt,0
(40, 80),lt,-47.3764062711
(340, 260),dw,0
(400, 120),up,0
(160, 120),rt,-15.2965702304
(100, 260),lt,-15.5523733487
(320, 40),rt,-18.3697375155
(200, 260),lt,-14.2328856054
(20, 320),dw,0
(0, 300),rt,0
(140, 320),dw,-12.2190174234
(40, 120),lt,-37.4022260803
(340, 60),rt,-15.4720297842
(340, 40),up,-32.751411421
(300, 380),lt,-10.3258092313
(400, 160),up,0
(0, 340),dw,0
(140, 400),rt,0
(300, 360),dw,-12.1005893857
(160, 280),lt,-14.2888143438
(300, 240),up,0
(380, 0),up,0
(100, 400),dw,0
(160, 140),lt,-15.301690163
(100, 300),up,-15.5353118696
(80, 380),up,-19.5110972575
(180, 80),lt,-15.2627364127
(180, 100),dw,-15.266172009
(260, 400),lt,0
(80, 100),rt,0
(340, 340),lt,-11.6437792387
(280, 300),lt,0
(240, 180),dw,-28.5130212692
(280, 120),lt,-18.1599103814
(120, 200),dw,0
(240, 280),lt,0
(400, 380),rt,0
(300, 300),rt,0
(60, 120),up,0
(140, 100),lt,-16.2867049172
(220, 40),up,-24.5831213123
(20, 120),rt,0
(320, 200),lt,0
(260, 180),dw,-36.0715830807
(380, 400),lt,0
(300, 100),up,0
(160, 0),dw,0
(80, 380),rt,-16.038770798
(320, 220),up,0
(20, 20),dw,0
(240, 300),lt,0
(120, 60),up,-20.9490994488
(140, 400),up,0
(60, 120),rt,0
(60, 80),up,0
(20, 20),rt,0
(100, 220),lt,-17.1618572743
(340, 60),up,-15.6776356514
(360, 80),rt,-15.0145144187
(40, 280),dw,-15.4383606762
(200, 180),dw,-15.050786357
(80, 240),rt,-16.2384815953
(360, 0),rt,0
(40, 100),up,-36.071241488
(60, 340),rt,-16.2224017085
(280, 300),up,0
(260, 180),rt,-16.9833144197
(180, 120),rt,-15.2551408181
(380, 100),rt,0
(180, 400),up,0
(200, 60),rt,-15.2387720483
(340, 200),lt,0
(300, 300),dw,0
(100, 0),rt,0
(380, 160),lt,0
(160, 140),up,-15.303984774
(120, 200),rt,0
(120, 0),dw,0
(100, 220),dw,-16.0224642327
(160, 80),up,-15.3270748383
(180, 20),dw,0
(160, 280),up,-14.2330928944
(140, 220),rt,-16.9385058459
(320, 0),lt,0
(200, 380),rt,-14.7549926121
(220, 0),lt,0
(40, 120),up,-24.0724116633
(220, 80),dw,-15.2047856885
(280, 400),rt,0
(380, 320),up,0
(100, 280),lt,-14.5080782435
(100, 260),up,-15.5886117894
(300, 20),up,0
(400, 120),lt,0
(120, 220),up,0
(0, 20),lt,0
(180, 260),up,-14.4016268481
(100, 100),up,0
(300, 120),lt,0
(240, 200),dw,0
(20, 400),rt,0
(80, 80),dw,0
(240, 380),dw,-18.9067937483
(60, 240),up,-16.0458321415
(140, 0),lt,0
(360, 60),rt,-19.5419416666
(340, 220),rt,0
(140, 300),dw,-15.5093695566
(120, 180),rt,-15.4595012589
(260, 100),up,-15.1289205709
(160, 80),lt,-15.3272045227
(160, 340),rt,-13.4370796152
(380, 280),lt,0
(160, 160),rt,-15.2773803515
(240, 260),up,0
(160, 20),dw,0
(140, 280),lt,-19.4658721407
(400, 0),up,0
(380, 0),dw,0
(140, 200),rt,-15.1779892957
(80, 180),dw,-15.7541762311
(340, 140),up,-24.3414943826
(160, 360),lt,-14.0922546088
(160, 180),dw,-15.1901901971
(40, 340),lt,-24.4941423082
(160, 400),up,0
(360, 160),lt,-2.11048785234
(40, 320),dw,-16.533423776
(80, 140),rt,-15.1286997774
(200, 120),up,-15.2379790295
(240, 240),rt,0
(20, 260),lt,0
(100, 180),dw,-16.4126579919
(340, 0),rt,0
(140, 60),up,-16.0250506107
(60, 260),lt,-16.0742855969
(160, 380),up,-14.3591931402
(120, 300),rt,0
(20, 60),up,0
(280, 240),dw,0
(120, 160),rt,-15.5243563967
(120, 260),up,0
(140, 20),up,0
(240, 80),rt,-15.1881601405
(60, 20),dw,0
(400, 100),lt,0
(140, 260),rt,-15.0394705777
(340, 20),up,0
(100, 340),rt,-32.6423812137
(260, 300),lt,0
(180, 0),up,0
(60, 400),rt,0
(400, 400),lt,0
(120, 60),lt,-40.760533184
(0, 220),up,0
(80, 320),up,-16.087967207
(0, 80),rt,0
(400, 180),rt,0
(40, 320),lt,-18.9139696097
(360, 160),dw,23.7565095487
(60, 300),rt,-16.104528082
(180, 220),lt,-14.8545933826
(320, 220),lt,0
(300, 320),dw,-11.2720989278
(400, 380),up,0
(200, 220),rt,-15.2588844411
(260, 80),lt,-15.1733838505
(60, 220),lt,-16.551491248
(140, 80),up,-15.3238369065
(260, 0),rt,0
(20, 20),lt,0
(300, 100),lt,0
(220, 200),up,-14.5727354909
(180, 140),rt,-15.242434961
(160, 340),up,-13.4313830872
(120, 260),rt,0
(40, 400),up,0
(220, 360),lt,-12.9670901634
(20, 360),lt,0
(60, 380),up,-14.3185864307
(340, 380),lt,-9.80191396821
(360, 240),dw,74.9263751993
(60, 40),dw,-70.281771171
(260, 160),dw,-15.2229160704
(180, 60),rt,-15.1844459169
(240, 200),lt,0
(340, 40),dw,-14.1974411899
(260, 400),up,0
(200, 20),dw,0
(320, 320),lt,-9.55272700093
(220, 340),rt,-13.0444064521
(100, 320),rt,-24.1180876569
(180, 20),up,0
(280, 320),rt,-10.9888236783
(240, 160),lt,-15.1549826721
(40, 180),up,-25.3765757022
(0, 40),dw,0
(340, 260),up,0
(220, 120),dw,-15.2422359052
(80, 300),lt,-16.0872674206
(160, 200),lt,-15.5028164278
(20, 280),up,0
(20, 320),lt,0
(180, 20),lt,0
(0, 260),up,0
(60, 180),lt,-16.3291432354
(20, 140),up,0
(300, 160),lt,-15.007368571
(40, 220),dw,-15.9073709983
(360, 340),up,79.0916983324
(60, 100),rt,0
(200, 400),lt,0
(20, 0),dw,0
(160, 40),up,-43.9384003107
(200, 340),lt,-13.2353271528
(100, 160),dw,-15.6968387551
(20, 360),up,0
(320, 360),lt,-11.7671673033
(400, 100),up,0
(300, 60),dw,-15.9415337048
(240, 40),rt,-16.5235092884
(40, 280),lt,-24.0223782417
(240, 220),up,0
(320, 300),dw,0
(260, 20),up,0
(40, 160),up,-22.7116457364
(240, 0),lt,0
(260, 80),up,-15.1628843247
(380, 240),up,0
(300, 40),lt,-13.6573803442
(220, 140),up,-15.2140711045
(260, 160),rt,-15.136133959
(40, 320),up,-16.5586966281
(260, 340),rt,-12.607955039
(0, 220),lt,0
(200, 300),up,-13.6938505478
(60, 40),rt,-30.4062972884
(380, 340),lt,0
(40, 300),lt,-27.937130689
(260, 180),up,-19.3471952007
(220, 180),dw,-15.0299624239
(260, 360),lt,-12.5477550729
(260, 300),up,0
(280, 120),rt,-30.8605436939
(120, 240),dw,0
(240, 20),lt,0
(200, 200),lt,-14.8964216942
(320, 60),lt,-15.3505512357
(240, 140),lt,-15.2191544787
(120, 260),dw,0
(100, 380),rt,-19.8786308707
(240, 260),dw,0
(160, 0),lt,0
(260, 320),up,-23.1159390912
(320, 220),dw,0
(320, 180),up,-15.4400954
(160, 380),lt,-12.8031749574
(140, 60),lt,-15.2856474145
(280, 260),rt,0
(100, 60),lt,0
(380, 240),dw,0
(320, 320),dw,-9.49911153746
(160, 400),lt,0
(260, 360),rt,-12.5493508586
(80, 0),up,0
(260, 280),dw,0
(60, 140),up,-36.665406586
(40, 240),rt,-19.3924863465
(220, 40),rt,-19.1352174641
(280, 60),dw,-15.2104557909
(240, 400),lt,0
(0, 400),dw,0
(80, 140),dw,-16.877554898
(160, 280),dw,-14.2232280145
(100, 400),up,0
(280, 40),rt,-18.036220419
(0, 20),up,0
(120, 0),up,0
(300, 20),lt,0
(120, 360),dw,0
(320, 140),lt,-12.4458595633
(120, 320),rt,0
(40, 120),dw,-20.6706804027
(160, 20),rt,0
(40, 180),dw,-15.8901966699
(80, 400),rt,0
(140, 0),dw,0
(380, 40),up,0
(280, 340),up,-12.5410156224
(320, 260),dw,0
(80, 340),lt,-16.1037784294
(80, 260),rt,-16.2263593106
(320, 240),dw,0
(220, 160),up,-15.1614023324
(380, 140),rt,0
(160, 240),dw,-14.6389965834
(400, 20),up,0
(220, 80),rt,-15.2076958697
(80, 220),dw,-15.7586113929
(300, 0),up,0
(180, 380),up,-11.9404764395
(200, 380),dw,-23.3441634232
(400, 120),rt,0
(320, 180),rt,-13.698808586
(120, 360),up,0
(200, 80),lt,-15.2186036017
(400, 60),rt,0
(220, 380),rt,-12.6806706914
(160, 320),lt,-14.1815145992
(300, 80),lt,-19.1574064155
(180, 340),up,-13.3850454239
(180, 0),dw,0
(20, 140),rt,0
(80, 160),dw,-15.742439042
(20, 200),rt,0
(300, 280),lt,0
(100, 0),dw,0
(360, 260),rt,-0.267592955126
(200, 60),dw,-15.0692855894
(380, 380),rt,0
(140, 20),dw,0
(20, 280),rt,0
(360, 280),up,0
(340, 300),rt,0
(140, 380),dw,-19.7517971284
(400, 280),up,0
(300, 260),dw,0
(160, 380),dw,-19.0734812742
(320, 400),rt,0
(120, 240),up,0
(260, 20),rt,0
(200, 100),lt,-15.226173949
(60, 360),rt,-16.1139159674
(100, 320),up,-15.0310134164
(180, 320),lt,-13.6070572054
(220, 160),lt,-15.1641368373
(240, 340),up,-13.8464155842
(100, 200),rt,-36.0912094875
(360, 120),lt,0
(340, 240),up,0
(160, 120),lt,-15.3256082353
(60, 140),dw,-14.9842483869
(240, 360),rt,-12.771793438
(80, 80),lt,0
(260, 120),rt,-15.7300861764
(300, 40),dw,-14.8458559121
(260, 300),rt,0
(400, 220),dw,0
(320, 0),up,0
(300, 220),dw,0
(140, 340),lt,-28.2262454543
(300, 200),up,0
(300, 140),up,-23.1046249157
(220, 140),rt,-15.2137098412
(40, 200),lt,-23.149366705
(300, 20),dw,0
(100, 160),lt,-15.6626687725
(240, 400),up,0
(380, 20),up,0
(20, 300),lt,0
(400, 60),up,0
(160, 300),lt,-13.9411092101
(0, 240),rt,0
(0, 260),dw,0
(400, 160),lt,0
(60, 140),lt,-15.7252956249
(60, 400),up,0
(300, 160),dw,-15.3900248597
(340, 380),rt,-9.57279117491
(220, 320),lt,-13.1642331229
(40, 80),rt,-54.1085405773
(80, 0),lt,0
(340, 120),rt,0
(240, 80),up,-15.1876475476
(140, 20),rt,0
(20, 100),lt,0
(380, 20),lt,0
(280, 380),lt,-11.1910965311
(0, 40),up,0
(40, 340),up,-19.4292016499
(20, 160),lt,0
(80, 160),rt,-15.7473931474
(300, 300),lt,0
(0, 100),lt,0
(400, 40),dw,0
(220, 120),lt,-15.2425903251
(360, 360),dw,5.92335431188
(260, 280),rt,0
(280, 100),lt,-14.3996891036
(240, 160),rt,-15.1622144842
(0, 340),rt,0
(320, 280),rt,0
(140, 200),up,-19.3303296445
(240, 20),up,0
(140, 140),up,-15.3681829697
(20, 220),lt,0
(20, 180),dw,0
(0, 300),dw,0
(40, 400),dw,0
(0, 120),rt,0
(360, 180),lt,-7.10198879964
(160, 240),rt,-14.6539821203
(300, 380),rt,-14.3657570768
(180, 300),rt,-13.8663638118
(380, 140),dw,0
(260, 400),rt,0
(180, 60),up,-15.6973632593
(140, 140),lt,-15.4061520983
(240, 280),rt,0
(20, 40),up,0
(120, 220),rt,0
(200, 340),rt,-13.2269100465
(300, 320),lt,-14.3152150593
(100, 260),rt,-19.3613257401
(240, 140),up,-15.215617318
(320, 260),lt,0
(200, 100),dw,-15.2336233738
(360, 0),lt,0
(380, 60),up,0
(80, 400),dw,0
(340, 120),up,0
(200, 300),dw,-13.6608409057
(380, 100),lt,0
(0, 100),up,0
(100, 0),lt,0
(120, 20),up,0
(340, 100),dw,0
(160, 280),rt,-14.2315992171
(0, 160),lt,0
(20, 380),dw,0
(260, 320),dw,-9.7330460099
(0, 400),rt,0
(360, 220),rt,-9.39079531704
(80, 20),up,0
(120, 340),rt,0
(60, 320),dw,-16.1260819878
(320, 0),dw,0
(160, 200),up,-15.0545468461
(280, 80),rt,-15.2112732489
(0, 60),up,0
(80, 160),up,-16.6594390825
(280, 20),rt,0
(160, 40),dw,-17.5556585992
(260, 140),dw,-15.1966235901
(80, 20),lt,0
(240, 220),lt,0
(40, 200),up,-14.8317450955
(140, 60),rt,-15.2151611974
(140, 340),up,-12.4165812761
(0, 60),dw,0
(0, 240),up,0
(200, 0),rt,0
(280, 140),rt,-15.219123111
(340, 380),up,-9.63465365789
(160, 340),lt,-13.5992286042
(0, 20),dw,0
(120, 240),rt,0
(140, 80),lt,-15.5119472324
(240, 320),lt,-14.9098193554
(320, 380),rt,-10.2143863004
(260, 340),dw,-12.6095468961
(300, 220),up,0
(360, 260),up,0
(280, 340),dw,-12.3915818048
(340, 200),rt,0
(360, 400),dw,0
(360, 140),rt,-18.9079820995
(140, 120),dw,-15.3145980285
(100, 220),rt,-40.7629598076
(320, 60),dw,-15.8004376306
(320, 140),rt,-12.3807140517
(280, 60),lt,-15.2057752451
(240, 240),lt,0
(100, 280),rt,-24.057316187
(240, 40),dw,-12.8362791311
(60, 0),lt,0
(60, 360),up,-16.1162185383
(100, 20),lt,0
(300, 280),dw,0
(320, 80),dw,-24.1443102069
(80, 340),rt,-16.317965286
(220, 60),dw,-15.0585398185
(120, 120),lt,-24.3447478046
(280, 220),rt,0
(160, 320),up,-13.6601667717
(20, 260),up,0
(400, 200),rt,0
(40, 380),rt,-11.5917266958
(160, 80),rt,-15.3085822997
(60, 260),dw,-16.0548649693
(140, 280),rt,-17.1428853032
(340, 140),lt,-12.4435950409
(280, 280),up,0
(200, 60),up,-15.203066011
(400, 0),lt,0
(220, 300),dw,-14.3109044279
(200, 160),rt,-15.1468468083
(340, 320),up,-23.4615737869
(240, 140),dw,-15.2189093222
(80, 360),lt,-16.1193579687
(160, 260),up,-14.4394090757
(280, 340),rt,-12.3681342819
(20, 260),rt,0
(80, 400),up,0
(320, 80),up,-18.3620986869
(100, 120),lt,0
(80, 200),up,-15.7300663061
(0, 20),rt,0
(0, 140),dw,0
(0, 200),lt,0
(240, 380),up,-11.7871248455
(100, 280),up,-17.2371124638
(280, 140),dw,-15.1276459457
(0, 380),lt,0
(340, 380),dw,-14.7461714428
(380, 300),up,0
(340, 320),lt,-7.83252064231
(180, 220),rt,-14.8731067022
(120, 20),rt,0
(60, 160),lt,-16.2822129732
(400, 200),up,0
(180, 140),dw,-15.2407097343
(380, 40),lt,0
(320, 160),up,-15.3052434325
(220, 100),rt,-15.2239283321
(280, 220),up,0
(100, 100),rt,0
(180, 380),dw,-23.7338665442
(220, 300),rt,-27.6791207331
(380, 60),dw,0
(60, 300),dw,-16.1030044008
(280, 380),dw,-19.380842823
(0, 80),dw,0
(400, 260),up,0
(60, 260),rt,-16.0632125412
(80, 300),dw,-16.0935958924
(120, 400),up,0
(240, 80),dw,-15.19332566
(260, 220),rt,0
(240, 220),dw,0
(180, 160),rt,-15.1996426339
(380, 220),rt,0
(40, 200),rt,-14.5404269288
(140, 240),up,-19.7847113262
(400, 300),rt,0
(340, 60),lt,-15.3725385864
(40, 320),rt,-17.9117906696
(400, 160),rt,0
(380, 120),rt,0
(140, 400),lt,0
(160, 200),rt,-15.0534976215
(40, 360),lt,-24.3863742425
(280, 260),up,0
(260, 60),lt,-15.1537191976
(380, 180),dw,0
(300, 280),up,0
(180, 360),dw,-13.5842008114
(60, 120),dw,0
(0, 180),lt,0
(120, 380),dw,0
(100, 380),lt,-20.1123413424
(300, 40),up,-19.7605629412
(40, 160),lt,-51.8336083825
(200, 400),rt,0
(120, 40),rt,-24.5429885115
(280, 0),dw,0
(280, 100),rt,-28.6549720361
(240, 200),rt,0
(280, 20),up,0
(400, 380),lt,0
(140, 100),up,-15.3073385127
(280, 80),up,-15.1887271703
(400, 260),dw,0
(80, 100),up,0
(220, 280),lt,-13.6735831623
(120, 60),dw,-21.8692741471
(340, 180),rt,-14.3536564717
(120, 280),up,0
(240, 0),rt,0
(400, 40),lt,0
(80, 20),dw,0
(320, 120),rt,0
(200, 180),up,-15.0592916202
(100, 180),up,-15.6072785054
(120, 200),lt,0
(220, 20),dw,0
(260, 140),rt,-15.1945445023
(360, 400),lt,0
(160, 260),dw,-14.423065316
(100, 300),lt,-15.5454837723
(60, 200),up,-15.9502397655
(140, 220),dw,-17.5630237705
(360, 340),rt,-12.5893186156
(340, 120),dw,0
(60, 20),up,0
(160, 180),lt,-15.2012361834
(340, 340),rt,-11.6876428089
(280, 40),lt,-15.7214411054
(0, 260),rt,0
(240, 160),up,-15.1581620288
(280, 400),lt,0
(340, 200),dw,0
(60, 60),up,0
(380, 400),up,0
(360, 80),lt,-13.0124197741
(320, 380),dw,-14.6656512028
(240, 60),rt,-15.0601285623
(380, 100),dw,0
(380, 280),dw,0
(240, 200),up,0
(80, 240),dw,-16.0746624963
(80, 60),dw,0
(60, 200),rt,-15.9503982319
(180, 200),rt,-15.0570387664
(260, 240),lt,0
(20, 240),dw,0
(100, 260),dw,-17.8493171477
(300, 40),rt,-13.7320369341
(260, 120),dw,-15.1532004493
(120, 180),lt,-19.8395903597
(0, 340),up,0
(100, 140),lt,-16.9492848745
(180, 300),dw,-13.8582735524
(340, 400),dw,0
(80, 120),lt,0
(300, 340),up,-12.2439368463
(100, 300),dw,-15.5538620757
(360, 380),dw,-5.0
(40, 400),rt,0
(80, 320),lt,-16.0873292121
(80, 140),lt,-19.2961142661
(60, 360),dw,-16.2115817247
(160, 0),rt,0
(320, 280),dw,0
(160, 380),rt,-12.9065047008
(140, 120),up,-15.3172897509
(60, 300),up,-16.1036563985
(360, 260),dw,99.6481408975
(220, 20),rt,0
(20, 200),dw,0
(360, 380),up,55.8256742522
(380, 360),rt,0
(180, 0),rt,0
(300, 140),rt,-15.1972925215
(180, 320),up,-13.5786961484
(360, 160),up,-1.69177404932
(160, 160),up,-15.2739021655
(120, 160),up,-15.5575461994
(340, 20),dw,0
(280, 180),rt,-17.9794535726
(160, 100),lt,-15.3376303029
(240, 360),up,-12.7805177965
(380, 180),lt,0
(220, 200),dw,-15.0129050724
(380, 260),rt,0
(80, 220),rt,-16.5473198977
(240, 260),lt,0
(0, 240),dw,0
(340, 160),lt,-14.8158723612
(220, 220),dw,-16.396872496
(300, 20),rt,0
(340, 60),dw,-15.5276262216
(300, 80),rt,-17.0942481944
(400, 140),dw,0
(340, 0),lt,0
(0, 220),dw,0
(240, 360),lt,-12.7806726002
(120, 160),lt,-15.5316121432
(220, 300),up,-15.7619463176
(20, 180),rt,0
(340, 80),up,-19.4390287961
(220, 180),up,-15.0224870206
(80, 40),lt,-42.0898790575
(180, 40),up,-28.3909111005
(140, 360),rt,-18.0312782869
(180, 200),dw,-15.029818156
(0, 140),up,0
(60, 200),dw,-15.951788735
(400, 60),dw,0
(280, 0),up,0
(320, 0),rt,0
(380, 280),rt,0
(40, 60),dw,-35.2986274868
(200, 40),lt,-18.2502635309
(240, 60),dw,-15.0515223749
(280, 160),up,-15.0554402091
(140, 180),lt,-16.2898657993
(220, 160),rt,-15.1624982784
(320, 180),dw,-28.0366013607
(180, 180),up,-15.1314829251
(220, 240),rt,-44.2112625605
(120, 360),rt,0
(140, 40),up,-56.1884827234
(180, 80),dw,-15.2620414109
(400, 360),dw,0
(300, 0),rt,0
(360, 340),dw,18.5736133953
(160, 320),rt,-13.6431407891
(220, 80),up,-15.216157229
(60, 100),lt,0
(100, 140),up,-19.3339152194
(140, 240),dw,-18.5798127098
(20, 140),dw,0
(40, 100),lt,-63.7375391519
(0, 200),dw,0
(0, 340),lt,0
(180, 180),rt,-15.1237059912
(260, 380),lt,-11.8695307421
(280, 280),rt,0
(120, 400),dw,0
(340, 360),lt,-11.6920205093
(200, 240),rt,-15.330169641
(220, 340),lt,-13.0609764605
(280, 260),dw,0
(140, 160),up,-15.3717862848
(160, 300),rt,-14.0152624302
(60, 80),lt,0
(200, 260),dw,-14.2146157632
(0, 120),lt,0
(40, 380),up,-11.497518755
(320, 220),rt,0
(60, 140),rt,-14.9460473522
(340, 200),up,0
(260, 160),lt,-15.1859355526
(220, 260),rt,-19.8262531926
(80, 280),dw,-16.0708052515
(60, 220),rt,-16.0502933493
(220, 320),rt,-13.1686700374
(400, 340),up,0
(340, 80),rt,-14.9125706098
(220, 400),rt,0
(20, 120),up,0
(360, 200),rt,-9.13069353205
(40, 20),up,0
(180, 360),rt,-13.2436228308
(380, 300),dw,0
(120, 120),dw,-21.0281209379
(380, 120),dw,0
(20, 80),rt,0
(380, 260),up,0
(120, 320),dw,0
(380, 360),dw,0
(20, 220),rt,0
(80, 200),dw,-15.7181329838
(360, 240),rt,-5.0
(40, 160),rt,-18.0589204167
(60, 320),up,-16.1172702639
(120, 340),lt,0
(180, 160),dw,-15.193840384
(360, 180),rt,-17.3529714965
(200, 240),up,-14.50214192
(80, 320),dw,-16.087092434
(80, 380),lt,-15.6058678512
(80, 300),rt,-16.2289539905
(200, 360),lt,-13.1163209144
(280, 20),lt,0
(40, 240),dw,-21.2856801278
(0, 280),rt,0
(240, 320),dw,-12.0130615401
(300, 240),lt,0
(100, 380),up,-18.2507920952
(140, 380),up,-15.4377465148
(320, 320),rt,-11.0024386399
(400, 140),up,0
(220, 120),rt,-15.2337278646
(400, 340),lt,0
(180, 40),dw,-21.8964904066
(0, 0),dw,0
(40, 20),lt,0
(40, 140),up,-20.9866468668
(160, 20),lt,0
(100, 320),dw,-16.463081007
(200, 0),lt,0
(320, 120),lt,0
(200, 20),rt,0
(400, 240),lt,0
(340, 40),rt,-14.1567940847
(400, 180),lt,0
(320, 260),rt,0
(340, 360),up,-11.6905905724
(0, 320),dw,0
(300, 180),up,-13.5973044404
(60, 280),dw,-16.0738853398
(220, 180),rt,-15.025407679
(300, 380),up,-10.4238350567
(400, 20),dw,0
(40, 40),lt,-71.5303044918
(40, 300),rt,-15.0897847353
(60, 100),up,0
(140, 220),lt,-19.6087244345
(220, 80),lt,-15.2039502627
(200, 360),dw,-13.5884514126
(260, 0),dw,0
(20, 40),lt,0
(200, 220),dw,-14.7187217949
(140, 40),lt,-16.0989436274
(220, 380),lt,-14.2048335109
(80, 220),up,-15.7612529843
(0, 0),rt,0
(120, 320),lt,0
(240, 120),dw,-15.2316572296
(280, 220),lt,0
(60, 400),dw,0
(160, 240),up,-14.6443161821
(80, 20),rt,0
(360, 320),lt,-10.1269022326
(40, 380),dw,-14.96253125
(120, 100),dw,-18.7230868747
(280, 0),lt,0
(340, 300),lt,0
(240, 320),rt,-13.6563000831
(80, 260),dw,-16.0760261719
(120, 300),dw,0
(80, 120),rt,0
(40, 0),rt,0
(340, 220),lt,0
(300, 360),rt,-11.6293852327
(380, 140),lt,0
(0, 200),up,0
(380, 200),up,0
(360, 20),dw,0
(80, 280),lt,-16.0891966873
(140, 120),rt,-15.3090728877
(100, 200),lt,-14.8080015005
(100, 340),up,-14.3497485107
(60, 380),rt,-14.3016481191
(20, 220),dw,0
(80, 180),rt,-15.7537101823
(360, 20),lt,0
(20, 340),lt,0
(0, 40),rt,0
(340, 160),up,-15.1197217338
(200, 140),rt,-15.2158253239
(220, 340),dw,-13.0389464911
(400, 60),lt,0
(120, 120),rt,-19.4696843489
(120, 300),lt,0
(240, 380),rt,-14.0334495479
(200, 320),lt,-13.4050817005
(60, 60),dw,0
(20, 200),lt,0
(320, 120),dw,0
(0, 360),lt,0
(80, 0),dw,0
(400, 180),up,0
(340, 240),dw,0
(400, 0),rt,0
(180, 200),up,-15.0409831964
(0, 80),lt,0
(220, 260),dw,-16.8238971174
(60, 300),lt,-16.3906705563
(340, 160),rt,-14.9808130909
(400, 300),up,0
(60, 360),lt,-16.2476417155
(360, 60),up,-14.3420067851
(200, 220),lt,-14.7368258745
(300, 400),dw,0
(240, 60),up,-15.5356154299
(360, 100),lt,0
(0, 0),up,0
(200, 120),rt,-15.2320418357
(240, 100),lt,-15.2188732547
(120, 400),rt,0
(360, 220),dw,63.665137627
(0, 360),dw,0
(380, 80),lt,0
(360, 100),up,0
(240, 320),up,-38.9140932742
(60, 20),rt,0
(380, 220),lt,0
(300, 360),lt,-12.0213104838
(260, 240),dw,0
(120, 160),dw,-15.5611879157
(180, 120),dw,-15.2506616884
(400, 360),rt,0
(120, 180),up,-19.1574007463
(100, 180),rt,-15.6044901693
(40, 300),up,-17.3360242106
(60, 240),rt,-16.0570735384
(140, 320),lt,-27.8472419986
(20, 200),up,0
(200, 100),rt,-15.2369405906
(400, 340),dw,0
(0, 240),lt,0
(380, 380),dw,0
(120, 220),dw,0
(280, 360),lt,-12.2930404474
(160, 160),dw,-15.2729526178
(40, 140),rt,-23.5876314379
(260, 140),up,-15.1990586597
(140, 160),dw,-15.3772586771
(120, 40),lt,-24.0535040995
(340, 220),dw,0
(40, 0),dw,0
(20, 340),up,0
(380, 60),rt,0
(80, 160),lt,-15.7657810215
(80, 80),rt,0
(340, 360),rt,-10.4470885118
(340, 180),lt,-17.3596996264
(400, 180),dw,0
(260, 280),lt,0
(0, 280),up,0
(40, 260),lt,-19.7872209415
(100, 240),dw,-16.8652103946
(240, 120),lt,-15.2276560605
(200, 80),dw,-15.2113335634
(100, 360),dw,-14.8819865527
(100, 240),lt,-19.2616476519
(40, 360),rt,-13.3940743959
(180, 400),rt,0
(320, 100),lt,0
(200, 280),dw,-13.9467260223
(360, 300),rt,-3.35617270906
(400, 380),dw,0
(20, 300),rt,0
(220, 280),up,-16.6881749762
(240, 180),rt,-15.2253186363
(240, 300),up,0
(280, 80),lt,-15.14216888
(20, 40),dw,0
(360, 0),up,0
(160, 240),lt,-14.9945531041
(300, 340),dw,-12.1205463849
(260, 340),lt,-12.6067886946
(100, 140),dw,-15.3317050728
(40, 60),up,-43.2602749677
(400, 140),rt,0
(120, 0),rt,0
(260, 360),up,-12.5762436213
(100, 400),rt,0
(20, 380),up,0
(20, 180),up,0
(140, 400),dw,0
(220, 400),up,0
(40, 240),up,-18.4544924213
(280, 200),lt,0
(280, 260),lt,0
(220, 260),up,-13.7178530327
(360, 80),dw,-18.8513304775
(180, 280),lt,-14.1658092306
(300, 180),lt,-14.1496174733
(320, 400),dw,0
(100, 300),rt,-23.5822620314
(140, 240),lt,-31.8539272914
(140, 160),rt,-15.3757701209
(400, 240),up,0
(320, 80),rt,-19.7022366268
(300, 240),rt,0
(320, 40),up,-28.7113036874
(200, 0),up,0
(20, 160),up,0
(40, 240),lt,-28.2624872629
(360, 140),lt,-6.31585911749
(400, 340),rt,0
(220, 320),up,-13.1613377592
(300, 400),lt,0
(360, 400),rt,0
(20, 380),lt,0
(0, 300),up,0
(400, 260),rt,0
(340, 100),lt,0
(60, 240),dw,-16.043130357
(320, 20),lt,0
(320, 340),rt,-11.8691390023
(220, 280),rt,-24.5915048558
(40, 60),lt,-63.1890230441
(220, 60),up,-15.3221337263
(160, 300),up,-13.9787367857
(20, 300),up,0
(260, 240),rt,0
(20, 280),dw,0
(400, 40),rt,0
(100, 80),lt,0
(400, 200),lt,0
(0, 60),rt,0
(280, 140),lt,-15.1256486677
(300, 200),lt,0
(300, 260),up,0
(380, 300),lt,0
(260, 200),up,0
(400, 220),rt,0
(200, 200),dw,-14.8898907585
(120, 140),rt,-15.4735764182
(100, 140),rt,-15.3211293046
(320, 100),up,0
(120, 100),up,-19.5617216546
(80, 80),up,0
(320, 40),dw,-14.4760407155
(320, 320),up,-27.5190587509
(380, 260),lt,0
(140, 360),up,-16.1328838585
(200, 160),lt,-15.1444543861
(100, 120),up,0
(40, 0),up,0
(200, 280),rt,-14.3048655914
(400, 80),lt,0
(40, 360),dw,-13.4710025671
(360, 40),rt,-19.6988399537
(160, 100),dw,-15.3076115649
(360, 320),dw,26.2822297922
(100, 40),lt,-34.0102192584
(20, 180),lt,0
(280, 0),rt,0
(320, 300),lt,0
(360, 280),lt,0
(60, 280),up,-16.0746815073
(40, 0),lt,0
(40, 380),lt,-31.7748418134
(340, 260),rt,0
(280, 360),dw,-12.5300526551
(100, 80),dw,0
(20, 100),dw,0
(40, 180),rt,-20.5741062987
(220, 100),lt,-15.2243273467
(380, 180),rt,0
(180, 340),lt,-13.3699390945
(280, 140),up,-15.1627631966
(320, 400),lt,0
(160, 200),dw,-15.0416536046
(360, 20),rt,0
(220, 240),lt,-18.7735047539
(120, 360),lt,0
(180, 240),up,-14.6580256359
(320, 160),dw,-15.4571279026
(280, 60),rt,-15.2113209241
(160, 220),lt,-15.2120699881
(180, 300),up,-13.8624355048
(300, 0),lt,0
(200, 40),dw,-19.7113094215
(260, 260),lt,0
(300, 400),up,0
(400, 20),lt,0
(260, 220),dw,0
(300, 220),lt,0
(260, 220),lt,0
(180, 180),lt,-15.1224301325
(80, 180),up,-15.8060177321
(260, 120),lt,-15.1658926274
(0, 360),rt,0
(400, 300),lt,0
(340, 320),dw,-7.7751278569
(380, 200),rt,0
(80, 100),dw,0
(360, 220),lt,-6.85322662057
(180, 240),rt,-14.6822838345
(200, 120),dw,-15.2341725024
(340, 140),rt,-12.4678119522
(360, 360),rt,-13.8818812583
(300, 100),dw,0
(180, 40),lt,-17.706857946
(220, 100),dw,-15.2343407592
(240, 260),rt,0
(100, 220),up,-15.0268299504
(260, 100),rt,-15.8243374298
(400, 0),dw,0
(20, 60),rt,0
(80, 360),up,-16.1196318063
(60, 280),rt,-16.0718830803
(160, 60),lt,-15.2277609062
(60, 60),rt,0
(400, 320),rt,0
(20, 400),up,0
(320, 240),up,0
(60, 320),lt,-16.1979513337
(260, 280),up,0
(20, 80),lt,0
(100, 200),up,-14.8398256972
(340, 280),dw,0
(80, 40),rt,-28.4546100803
(180, 160),lt,-15.2041420553
(380, 180),up,0
(220, 220),up,-18.4103285268
(0, 380),rt,0
(320, 100),dw,0
(400, 80),dw,0
(380, 100),up,0
(200, 280),up,-13.9611510181
(20, 0),rt,0
(100, 20),dw,0
(60, 380),dw,-23.0804688893
(240, 340),lt,-12.8079348362
(100, 240),up,-20.9892247985
(40, 220),rt,-15.7965067923
(340, 180),up,-14.2227333148
(200, 20),up,0
(320, 20),up,0
(160, 80),dw,-15.3121666742
(200, 200),up,-14.8961807597
(400, 200),dw,0
(380, 60),lt,0
(320, 240),lt,0
(380, 160),up,0
(120, 40),up,-31.5650719746
(340, 400),rt,0
(300, 380),dw,-14.7608164584
(180, 120),up,-15.2471679433
(220, 60),rt,-15.0598961536
(40, 40),dw,-33.4967755343
(40, 100),rt,-42.5391196812
(240, 120),rt,-15.2450071679
(260, 20),dw,0
(80, 240),up,-16.0447510315
(140, 220),up,-16.0920193973
(320, 100),rt,0
(20, 80),dw,0
(400, 100),dw,0
(60, 80),rt,0
(160, 140),rt,-15.2965535685
(200, 360),rt,-13.122897598
(0, 400),lt,0
(260, 240),up,0
(40, 20),dw,0
(260, 60),rt,-15.1593387174
(160, 40),lt,-15.9458178179
(220, 400),dw,0
(280, 300),rt,0
(340, 80),dw,-43.908483376
(320, 400),up,0
(400, 240),dw,0
(0, 180),rt,0
(260, 220),up,0
(0, 320),rt,0
(160, 20),up,0
(20, 100),up,0
(400, 160),dw,0
(0, 260),lt,0
(260, 260),up,0
(340, 400),up,0
(280, 40),up,-28.5955332554
(240, 100),up,-15.207984262
(0, 0),lt,0
(160, 400),dw,0
(240, 60),lt,-15.0591366108
(180, 240),dw,-14.6566973336
(180, 360),up,-13.2608714314
(100, 160),up,-15.6637345127
(140, 240),rt,-16.493398026
(300, 140),lt,-14.3209232929
(180, 200),lt,-15.0285692695
(400, 280),rt,0
(20, 160),rt,0
(300, 0),dw,0
(300, 340),lt,-12.1232919022
(160, 220),dw,-14.8388611878
(40, 40),rt,-42.186039183
(0, 280),dw,0
(100, 120),dw,0
(280, 180),lt,-15.1347675886
(340, 0),dw,0
(360, 300),up,96.3089307158
(20, 40),rt,0
(20, 380),rt,0
(380, 0),rt,0
(220, 160),dw,-15.1654367547
(340, 100),rt,0
(380, 80),up,0
(160, 180),rt,-15.196874203
(40, 400),lt,0
(100, 40),up,-66.6166446807
(260, 200),dw,0
(80, 200),rt,-16.306589231
(40, 60),rt,-72.7688666119
(320, 340),lt,-11.8644213788
(140, 200),dw,-15.1930762527
(400, 80),up,0
(300, 60),lt,-15.3035850316
(0, 180),up,0
(100, 80),rt,0
(80, 280),up,-16.0776455998
(140, 360),dw,-15.6932485771
(120, 80),dw,-16.9554445535
(200, 160),up,-15.1486147021
(380, 300),rt,0
(140, 360),lt,-31.3874576057
(260, 60),up,-15.2207704956
(240, 280),dw,0
(260, 160),up,-15.1371569021
(120, 100),lt,-36.6750638762
(20, 400),dw,0
(300, 80),dw,-36.8705182059
(280, 160),rt,-15.0512310002
(380, 220),dw,0
(260, 200),lt,0
(240, 0),dw,0
(220, 0),rt,0
(0, 120),dw,0
(80, 280),rt,-16.1602636598
(80, 60),up,0
(120, 20),dw,0
(200, 120),lt,-15.230685751
(80, 220),lt,-15.7685431713
(280, 180),dw,-19.3663101409
(140, 40),rt,-19.7274478909
(400, 360),up,0
(180, 380),lt,-13.1099569201
(260, 380),dw,-19.7660298964
(260, 40),up,-19.373500723
(340, 100),up,0
(240, 160),dw,-15.2698061892
(300, 200),dw,0
(180, 180),dw,-15.1273377855
(360, 140),up,-9.9875
(360, 320),rt,-10.5563602067
(300, 120),up,0
(40, 40),up,-61.9710040969
(400, 360),lt,0
(360, 380),lt,-0.270864926246
(60, 240),lt,-16.5094186939
(320, 160),lt,-14.9612483028
(200, 40),up,-19.425321172
(340, 180),dw,-27.9745113743
(80, 340),up,-16.1047631482
(160, 360),rt,-13.2448071298
(40, 160),dw,-22.7993680046
(140, 180),dw,-15.304013479
(180, 260),lt,-14.4184626902
(180, 280),up,-14.1364951806
(180, 100),up,-15.2611992942
(220, 260),lt,-13.6886729952
(0, 380),up,0
(180, 340),dw,-13.3863767792
(80, 40),up,-74.5002262206
(320, 140),up,-23.336866424
(340, 80),lt,-18.9482821296
(280, 200),up,0
(220, 300),lt,-17.8322721801
(220, 140),dw,-15.2197533018
(220, 400),lt,0
(220, 20),up,0
(200, 320),dw,-13.3894762535
(300, 240),dw,0
(300, 220),rt,0
(360, 280),dw,0
(140, 380),lt,-14.8739666978
(380, 360),up,0
(120, 80),lt,-27.9758151861
(240, 360),dw,-12.9019548169
(20, 240),rt,0
(160, 260),lt,-14.5419756659
(80, 380),dw,-24.4622013702
(200, 140),up,-15.2114687945
(260, 340),up,-13.0713203659
(200, 320),rt,-13.3917315941
(80, 120),dw,0
(260, 80),rt,-15.1617494045
(360, 300),lt,-4.18726937408
(20, 120),dw,0
(220, 220),rt,-28.6642673173
(360, 180),up,0.257819650464
(260, 360),dw,-12.9269235994
(380, 260),dw,0
(140, 180),rt,-15.3052410929
(240, 120),up,-15.2373229813
(340, 20),rt,0
(40, 260),up,-14.7919339965
(20, 360),rt,0
(120, 120),up,-19.1169207047
(0, 280),lt,0
(340, 300),dw,0
(400, 140),lt,0
(100, 20),up,0
(240, 400),dw,0
(300, 140),dw,-14.288922588
(380, 80),rt,0
(320, 20),dw,0
(280, 60),up,-15.3896625181
(20, 120),lt,0
(360, 300),dw,54.9795865542
(180, 400),dw,0
(220, 380),dw,-14.7555641842
(320, 60),rt,-15.357272692
(100, 360),rt,-19.0481329955
(380, 360),lt,0
(260, 380),rt,-16.6532064788
(360, 360),up,74.9602413148
(100, 240),rt,-29.0820951102
(340, 280),lt,0
(240, 340),rt,-12.810895461
(340, 360),dw,-11.8372559841
(140, 320),rt,-12.2977570018
(40, 280),up,-18.1312255106
(20, 320),rt,0
(320, 200),up,0
(160, 60),dw,-15.2261173858
(0, 100),dw,0
(260, 140),lt,-15.194422124
(120, 380),rt,0
(280, 160),dw,-15.1454196586
(40, 140),dw,-20.9813842418
(400, 320),up,0
(360, 340),lt,-3.48243847532
(320, 240),rt,0
(80, 120),up,0
(300, 180),dw,-24.3978796847
(340, 400),lt,0
(360, 200),dw,49.6019272465
(180, 80),up,-15.2736751275
(140, 100),rt,-15.3115347283
(320, 200),rt,0
(320, 340),up,-11.8982239352
(40, 120),rt,-37.6427019552
(180, 120),lt,-15.2579611083
(340, 280),up,0
(400, 300),dw,0
(40, 260),rt,-16.7052504541
(60, 160),dw,-15.8562521414
(280, 40),dw,-15.4952376677
(0, 60),lt,0
(140, 180),up,-15.31768637
(260, 40),dw,-13.3044214596
(380, 320),lt,0
(60, 200),lt,-16.0177382483
(340, 40),lt,-16.5071494439
(120, 200),up,0
(100, 0),up,0
(0, 140),lt,0
(360, 200),up,-0.523803871291
(220, 360),dw,-12.9781961519
(40, 80),up,-39.1533061249
(200, 280),lt,-13.961120352
(300, 400),rt,0
(60, 380),lt,-15.0500279498
(120, 300),up,0
(140, 300),up,-13.5622458914
(180, 160),up,-15.1902752912
(340, 160),dw,-15.4412025022
(200, 140),lt,-15.2219431183
(20, 80),up,0
(220, 200),lt,-15.1098823051
(160, 400),rt,0
(40, 300),dw,-20.280181678
(340, 240),rt,0
(120, 80),up,-21.2397699869
(80, 360),rt,-16.1550581571
(360, 20),up,0
(380, 400),rt,0
(280, 200),rt,0
(380, 120),up,0
(380, 160),rt,0
(220, 20),lt,0
(120, 40),dw,-22.097294319
(180, 280),rt,-14.1379746668
(400, 240),rt,0
(200, 400),dw,0
(100, 40),dw,-53.5586745278
(100, 100),dw,0
(160, 160),lt,-15.2823641944
(0, 160),dw,0
(180, 0),lt,0
(340, 220),up,0
(240, 300),rt,0
(260, 60),dw,-15.1550669748
(140, 200),lt,-43.7410454697
(340, 300),up,0
(180, 100),lt,-15.2575337556
(400, 400),up,0
(200, 140),dw,-15.2172983326
(60, 180),dw,-15.919928405
(360, 320),up,89.8197029945
(360, 200),lt,-16.024104619
(140, 120),lt,-15.7343317242
(120, 400),lt,0
(360, 400),up,0
(300, 300),up,0
(300, 60),rt,-15.3064532116
(140, 280),dw,-15.2972005575
(0, 40),lt,0
(300, 120),rt,0
(160, 360),up,-13.2676454632
(40, 200),dw,-14.6132881843
(320, 120),up,0
(140, 80),dw,-15.2917425295
(320, 360),rt,-10.7948455833
(60, 100),dw,0
(380, 240),rt,0
(120, 100),rt,-17.124060051
(260, 40),lt,-16.3417421026
(280, 220),dw,0
(160, 220),up,-14.9024136574
(240, 380),lt,-12.2174739883
(260, 260),dw,0
(80, 340),dw,-16.096965965
(220, 240),up,-16.731637454
(80, 60),lt,0
(380, 320),dw,0
(100, 280),dw,-14.4911753381
(260, 0),lt,0
(320, 140),dw,-13.7274585754
(320, 300),rt,0
(40, 340),rt,-15.1018524063
(360, 140),dw,-1.20164674346
(380, 340),rt,0
(180, 380),rt,-15.4103738496
(400, 80),rt,0
(160, 0),up,0
(40, 140),lt,-50.8573000556
(360, 80),up,-12.9699508409
(20, 340),rt,0
(180, 220),dw,-14.8489161877
(400, 20),rt,0
(60, 60),lt,0
(220, 0),up,0
(300, 260),lt,0
(100, 40),rt,-26.7291615154
(360, 120),up,0
(160, 180),up,-15.1942071373
(300, 60),up,-15.375800505
(180, 60),dw,-15.1891734202
(380, 160),dw,0
(60, 20),lt,0
(100, 320),lt,-15.0343978524
(20, 60),dw,0
(260, 100),dw,-15.1197699093
(280, 280),lt,0
(180, 400),lt,0
(200, 240),lt,-14.5086066725
(20, 260),dw,0
(180, 320),rt,-13.5817462726
(280, 180),up,-15.141037243
(180, 40),rt,-20.3830554649
(200, 180),lt,-15.061947952
(300, 100),rt,0
(200, 160),dw,-15.1506055675
(340, 140),dw,-12.5714791231
(220, 360),rt,-12.9703475374
(360, 160),rt,-18.6956579899
(280, 20),dw,0
(360, 100),rt,0
(240, 100),rt,-15.2186951193
(200, 80),up,-15.2177826755
(260, 260),rt,0
(140, 260),dw,-14.7411642144
(60, 320),rt,-16.1232080447
(220, 60),lt,-15.0719155175
(60, 0),up,0
(260, 320),rt,-9.66177110258
(180, 360),lt,-13.2511844771
(20, 340),dw,0
(320, 40),lt,-17.5459819103
(280, 240),rt,0
(320, 340),dw,-11.8742510431
(40, 260),dw,-14.6736900939
(380, 380),up,0
(240, 240),dw,0
(200, 300),rt,-14.2463620405
(20, 0),up,0
(40, 360),up,-13.5933142944
(320, 380),up,-13.6356282601
(200, 340),dw,-13.2390764325
(360, 240),lt,-11.0700757563
(140, 160),lt,-15.384156441
(0, 400),up,0
(60, 180),rt,-15.8938842763
(20, 100),rt,0
(60, 120),lt,0
(260, 400),dw,0
(280, 360),rt,-12.2042848991
(140, 300),rt,-13.5654033429
(0, 320),lt,0
(400, 220),up,0
(0, 100),rt,0
(280, 120),up,-17.9828366715
(160, 60),rt,-15.2343280226
(220, 320),dw,-13.1566856388
(60, 40),up,-72.3938382548
(400, 260),lt,0
(80, 240),lt,-16.0676991174
(100, 400),lt,0
(200, 0),dw,0
(200, 260),rt,-14.3516631533
(280, 200),dw,0
(160, 300),dw,-13.938421321
(80, 100),lt,0
(360, 40),dw,-13.9504107839
(280, 400),dw,0
(140, 60),dw,-15.2239702331
(380, 80),dw,0
(200, 20),lt,0
(60, 160),up,-16.4968128917
(160, 40),rt,-16.1399207374
(0, 160),up,0
(180, 20),rt,0
(240, 20),rt,0
(200, 200),rt,-15.6906480753
(280, 80),dw,-15.3084805032
(180, 80),rt,-15.2640029508
(20, 360),dw,0
(220, 180),lt,-15.0187090955
(300, 160),rt,-15.0135526159
(220, 240),dw,-16.6623958912
(40, 220),up,-17.8345916272
(20, 160),dw,0
(340, 340),up,-12.1052062013
(260, 80),dw,-15.1669469755
(120, 380),up,0
(60, 340),dw,-16.2262429781
(360, 0),dw,0
(60, 340),lt,-16.2473394043
(20, 400),lt,0
(40, 280),rt,-15.2503547451
(320, 200),dw,0
(380, 220),up,0
(280, 320),up,-19.0359680656
(140, 100),dw,-15.3010497783
(160, 100),up,-15.3017705951
(320, 280),up,0
(80, 260),up,-16.082688902
(280, 360),up,-12.2841825468
(300, 180),rt,-13.5153422133
(100, 360),up,-19.2491285117
(0, 220),rt,0
(380, 380),lt,0
(120, 140),lt,-15.5067050225
(240, 220),rt,0
(100, 200),dw,-14.8497705576
(380, 280),up,0
(380, 340),up,0
(200, 380),lt,-11.5565521708
(60, 0),dw,0
(280, 100),up,-17.0197152284
(60, 340),up,-16.2228988953
(220, 200),rt,-39.253133527
(320, 180),lt,-13.6762833688
(200, 400),up,0
(380, 20),rt,0
(360, 240),up,0.91550565137
(220, 120),up,-15.2380651759
(260, 120),up,-15.2226958127
(260, 100),lt,-15.1340036791
(80, 180),lt,-15.7837980237
(240, 240),up,0
(280, 380),up,-11.2582408319
(240, 80),lt,-15.1996099057
(80, 140),up,-43.3662707171
(60, 180),up,-15.9256141168
(300, 320),up,-23.4924718302
(360, 260),lt,-1.15366477557
(60, 400),lt,0
(380, 40),dw,0
(320, 300),up,0
(80, 300),up,-16.095767983
(140, 260),up,-19.2857509498
(300, 200),rt,0
(180, 100),rt,-15.2662780055
(320, 260),up,0
(180, 240),lt,-14.6713050065
(300, 340),rt,-12.1239537646
(340, 260),lt,0
(40, 80),dw,-33.8198728252
(20, 240),up,0
(140, 40),dw,-15.039282272
(20, 300),dw,0
(220, 100),up,-15.2247900928
(180, 140),lt,-15.2418185902
(60, 0),rt,0
(300, 320),rt,-11.5273404866
(220, 0),dw,0
(200, 80),rt,-15.2196556924
(60, 280),lt,-16.4073556093
(40, 340),dw,-16.3929627204
(340, 340),dw,-11.6732471556
(400, 40),up,0
(280, 400),up,0
(220, 360),up,-12.9625632329
(240, 300),dw,0
(300, 280),rt,0
(260, 300),dw,0
(160, 120),dw,-15.2950538799
(60, 220),up,-16.0456598722
(140, 260),lt,-19.4765398132
(360, 120),dw,0
(140, 0),rt,0
(360, 280),rt,0
(360, 180),dw,44.8672902051
(80, 60),rt,0
(300, 360),up,-12.0326903958
(380, 200),lt,0
(180, 220),up,-14.8668874158
(320, 360),dw,-11.8156700721
(220, 220),lt,-17.8430317132
(180, 260),rt,-14.401753494
(260, 200),rt,0
(100, 180),lt,-15.6138253952
(320, 80),lt,-17.2023876799
(380, 140),up,0
(180, 340),rt,-13.3700344457
(120, 280),dw,0
(360, 40),up,-14.9265598956
(120, 280),lt,0
(220, 40),dw,-15.7495866174
(160, 360),dw,-13.4688129217
(340, 120),lt,0
(100, 120),rt,0
(300, 260),rt,0
(200, 380),up,-11.5984573457
(160, 220),rt,-14.8394636992
(240, 20),dw,0
(140, 380),rt,-11.8714639902
(20, 60),lt,0
(100, 80),up,0
(160, 60),up,-16.0251100516
(120, 320),up,0
(160, 260),rt,-14.4235513934
(320, 360),up,-11.7462898234
(100, 360),lt,-14.6933786048
(380, 340),dw,0
(0, 300),lt,0
(240, 40),lt,-12.7110271053
(140, 280),up,-15.4684763437
(120, 60),rt,-16.9300811358
(280, 320),lt,-15.9051779355
(400, 120),dw,0
(20, 220),up,0
(280, 100),dw,-17.0332949169
(140, 0),up,0
(0, 180),dw,0
(180, 300),lt,-13.8620332284
(80, 0),rt,0
(240, 180),lt,-19.6185571437
(280, 300),dw,0
(240, 340),dw,-12.8215074896
(40, 20),rt,0
(120, 220),lt,0
(160, 140),dw,-15.299407579
(120, 0),lt,0
(60, 80),dw,0
(120, 80),rt,-22.1347377108
(140, 340),rt,-14.3068442198
(240, 0),up,0
(40, 100),dw,-25.3992427583
(380, 400),dw,0
(100, 160),rt,-15.6579714887
(120, 140),up,-16.040787385
(400, 320),dw,0
(200, 360),up,-13.124530904
(20, 20),up,0
(240, 100),dw,-15.2126430319
(120, 340),up,0
(60, 40),lt,-35.7020616898
(360, 100),dw,0
(80, 360),dw,-16.3311885303
(280, 380),rt,-11.6828450778
(320, 380),lt,-15.1197812738
(0, 320),up,0
(400, 280),dw,0
(80, 200),lt,-15.7251050574
(240, 180),up,-15.1788379481
(160, 120),up,-15.296090363
(100, 60),dw,0
(340, 240),lt,0
(180, 320),dw,-13.5778502545
(80, 400),lt,0
(0, 380),dw,0
(340, 280),rt,0
(260, 180),lt,-17.0075810644
(80, 260),lt,-16.0744279385
(200, 100),up,-15.2358488282
(120, 240),lt,0
(140, 140),dw,-15.3795251985
(200, 60),lt,-15.0813181262
(240, 40),up,-27.3381811821
(100, 380),dw,-23.8562146118
(380, 40),rt,0
(400, 280),lt,0
(0, 140),rt,0
(360, 360),lt,-1.49744516656
(280, 120),dw,-14.4208127485
(400, 220),lt,0
(400, 400),dw,0
(0, 120),up,0
(360, 220),up,-3.41767809796
(360, 380),rt,-9.75485686017
(140, 320),up,-12.3689927999
(140, 140),rt,-15.3696589677
(380, 20),dw,0
(220, 40),lt,-15.9351436633
(220, 340),up,-13.057056559
(380, 320),rt,0
(300, 80),up,-16.5629978347
(240, 140),rt,-15.2192694464
(200, 340),up,-13.2418689954
(320, 20),rt,0
(260, 380),up,-14.6156179891
(400, 320),lt,0
(240, 280),up,0
(320, 60),up,-15.9724849853
(360, 40),lt,-16.8721192227
(380, 200),dw,0
(100, 60),rt,0
(300, 160),up,-15.1365303821
(380, 240),lt,0
(20, 140),lt,0
(20, 320),up,0
(40, 180),lt,-23.5498190019
(0, 160),rt,0
(20, 280),lt,0
(140, 80),rt,-15.2892811448
(200, 220),up,-14.7225797787
(360, 60),lt,-14.3981695996
(300, 120),dw,0
(280, 160),lt,-15.0600933452
(20, 0),lt,0
(0, 80),up,0
(80, 320),rt,-16.2891370182
