(280, 340),lt,-0.437305053036
(240, 400),rt,0
(0, 360),up,0
(200, 260),up,-3.85165620029
(200, 320),up,-0.109096567925
(100, 20),rt,0
(140, 340),dw,-1.75681394445
(180, 140),up,-7.99164247312
(280, 320),dw,-0.05
(160, 340),dw,-1.33484108479
(260, 0),up,0
(120, 180),dw,-27.7662760488
(80, 40),dw,-57.4887206747
(260, 20),lt,0
(360, 60),dw,-6.16805119737
(340, 0),up,0
(20, 240),lt,0
(180, 280),dw,-2.7982061159
(400, 100),rt,0
(120, 20),lt,0
(100, 340),lt,-9.24652371423
(400, 400),rt,0
(160, 100),rt,-9.01460129754
(100, 100),lt,0
(60, 220),dw,-11.1557482524
(340, 20),lt,0
(280, 240),up,0
(100, 60),up,0
(200, 240),dw,-5.01594926249
(140, 20),lt,0
(280, 280),dw,0
(120, 260),lt,0
(120, 140),dw,-8.82721511364
(0, 200),rt,0
(260, 320),lt,0
(60, 260),up,-11.1602453884
(100, 340),dw,-9.13979051384
(120, 340),dw,0
(280, 240),lt,0
(220, 380),up,-0.231628484014
(180, 60),lt,-9.12170626418
(160, 320),dw,-0.836264594259
(260, 40),rt,-7.30770960682
(340, 320),rt,-5.33153935555
(200, 300),lt,-1.95749328119
(60, 160),rt,-10.6445863139
(220, 280),dw,-9.8085773409
(200, 40),rt,-8.69410898769
(320, 280),lt,0
(380, 120),lt,0
(320, 160),rt,-8.08666369994
(220, 140),lt,-8.12152254055
(200, 180),rt,-6.88310007914
(120, 280),rt,0
(180, 260),dw,-3.64511682789
(120, 380),lt,0
(380, 0),lt,0
(140, 300),lt,-9.81226805448
(40, 220),lt,-27.7816317406
(360, 120),rt,0
(40, 80),lt,-58.2594113544
(340, 260),dw,0
(400, 120),up,0
(160, 120),rt,-8.65830698219
(100, 260),lt,-10.8061297132
(320, 40),rt,-10.127174354
(200, 260),lt,-3.83176278778
(20, 320),dw,0
(0, 300),rt,0
(140, 320),dw,-1.87202811493
(40, 120),lt,-40.7124343287
(340, 60),rt,-8.75587385471
(340, 40),up,-24.3358666989
(300, 380),lt,-0.436850962922
(400, 160),up,0
(0, 340),dw,0
(140, 400),rt,0
(300, 360),dw,-1.107314375
(160, 280),lt,-2.72394382537
(300, 240),up,0
(380, 0),up,0
(100, 400),dw,0
(160, 140),lt,-8.2706926262
(100, 300),up,-14.554859371
(80, 380),up,-14.3044759078
(180, 80),lt,-9.01445917155
(180, 100),dw,-8.78625359843
(260, 400),lt,0
(80, 100),rt,0
(340, 340),lt,-1.47578743504
(280, 300),lt,0
(240, 180),dw,-23.0240993038
(280, 120),lt,-8.53044316965
(120, 200),dw,0
(240, 280),lt,0
(400, 380),rt,0
(300, 300),rt,0
(60, 120),up,0
(140, 100),lt,-9.57148855106
(220, 40),up,-14.3820761113
(20, 120),rt,0
(320, 200),lt,0
(260, 180),dw,-14.4666742168
(380, 400),lt,0
(300, 100),up,0
(160, 0),dw,0
(80, 380),rt,-9.67933315148
(320, 220),up,0
(20, 20),dw,0
(240, 300),lt,0
(120, 60),up,-14.2093594663
(140, 400),up,0
(60, 120),rt,0
(60, 80),up,0
(20, 20),rt,0
(100, 220),lt,-7.9900968269
(340, 60),up,-9.21161573192
(360, 80),rt,-14.7368933565
(40, 280),dw,-6.61569774579
(200, 180),dw,-6.81287399452
(80, 240),rt,-11.3196069537
(360, 0),rt,0
(40, 100),up,-43.7358700269
(60, 340),rt,-11.1144448976
(280, 300),up,0
(260, 180),rt,-10.1157280516
(180, 120),rt,-8.46224044707
(380, 100),rt,0
(180, 400),up,0
(200, 60),rt,-8.97296896213
(340, 200),lt,0
(300, 300),dw,0
(100, 0),rt,0
(380, 160),lt,0
(160, 140),up,-8.28121390276
(120, 200),rt,0
(120, 0),dw,0
(100, 220),dw,-7.94963424884
(160, 80),up,-9.26081231716
(180, 20),dw,0
(160, 280),up,-2.80429215078
(140, 220),rt,-4.15699663174
(320, 0),lt,0
(200, 380),rt,-0.29408430951
(220, 0),lt,0
(40, 120),up,-31.6934329959
(220, 80),dw,-8.71894459555
(280, 400),rt,0
(380, 320),up,0
(100, 280),lt,-13.3861776528
(100, 260),up,-14.4195691039
(300, 20),up,0
(400, 120),lt,0
(120, 220),up,0
(0, 20),lt,0
(180, 260),up,-3.76185461657
(100, 100),up,0
(300, 120),lt,0
(240, 200),dw,0
(20, 400),rt,0
(80, 80),dw,0
(240, 380),dw,-5.0
(60, 240),up,-11.1783239022
(140, 0),lt,0
(360, 60),rt,-14.7496342381
(340, 220),rt,0
(140, 300),dw,-1.56504153993
(120, 180),rt,-12.3122858109
(260, 100),up,-8.47858972274
(160, 80),lt,-9.29582372279
(160, 340),rt,-1.3361132502
(380, 280),lt,0
(160, 160),rt,-7.73573613553
(240, 260),up,0
(160, 20),dw,0
(140, 280),lt,-5.0
(400, 0),up,0
(380, 0),dw,0
(140, 200),rt,-11.380507163
(80, 180),dw,-10.7516539439
(340, 140),up,-14.5769042536
(160, 360),lt,-1.38114670908
(160, 180),dw,-6.73179893568
(40, 340),lt,-14.8214325731
(160, 400),up,0
(360, 160),lt,-6.83774052627
(40, 320),dw,-10.7018496163
(80, 140),rt,-12.9006088924
(200, 120),up,-8.40545809023
(240, 240),rt,0
(20, 260),lt,0
(100, 180),dw,-10.6522816106
(340, 0),rt,0
(140, 60),up,-10.0453727223
(60, 260),lt,-11.1712468236
(160, 380),up,-0.341303775635
(120, 300),rt,0
(20, 60),up,0
(280, 240),dw,0
(120, 160),rt,-8.89221828131
(120, 260),up,0
(140, 20),up,0
(240, 80),rt,-8.65828012126
(60, 20),dw,0
(400, 100),lt,0
(140, 260),rt,-5.09565966375
(340, 20),up,0
(100, 340),rt,-23.5223360553
(260, 300),lt,0
(180, 0),up,0
(60, 400),rt,0
(400, 400),lt,0
(120, 60),lt,-59.8276774587
(0, 220),up,0
(80, 320),up,-11.0696800387
(0, 80),rt,0
(400, 180),rt,0
(40, 320),lt,-23.3362864379
(360, 160),dw,-7.00005603017
(60, 300),rt,-11.0737953501
(180, 220),lt,-5.40154647956
(320, 220),lt,0
(300, 320),dw,-0.597623194268
(400, 380),up,0
(200, 220),rt,-5.69892315265
(260, 80),lt,-8.54805363253
(60, 220),lt,-11.2144961419
(140, 80),up,-9.55664789473
(260, 0),rt,0
(20, 20),lt,0
(300, 100),lt,0
(220, 200),up,-8.56762435332
(180, 140),rt,-8.0058886699
(160, 340),up,-1.34959324494
(120, 260),rt,0
(40, 400),up,0
(220, 360),lt,-0.732824052005
(20, 360),lt,0
(60, 380),up,-10.3185821562
(340, 380),lt,-5.0
(360, 240),dw,-3.56675061438
(60, 40),dw,-58.8413173378
(260, 160),dw,-8.22236662429
(180, 60),rt,-9.11376801731
(240, 200),lt,0
(340, 40),dw,-11.1335781894
(260, 400),up,0
(200, 20),dw,0
(320, 320),lt,-2.22489860268
(220, 340),rt,-0.878764176713
(100, 320),rt,-27.4531718948
(180, 20),up,0
(280, 320),rt,0
(240, 160),lt,-8.02328977133
(40, 180),up,-15.9469371583
(0, 40),dw,0
(340, 260),up,0
(220, 120),dw,-8.39194551522
(80, 300),lt,-11.0890570442
(160, 200),lt,-6.39461445865
(20, 280),up,0
(20, 320),lt,0
(180, 20),lt,0
(0, 260),up,0
(60, 180),lt,-11.2177187322
(20, 140),up,0
(300, 160),lt,-7.99241056759
(40, 220),dw,-10.6158745672
(360, 340),up,-0.865133940521
(60, 100),rt,0
(200, 400),lt,0
(20, 0),dw,0
(160, 40),up,-14.4786670647
(200, 340),lt,-0.793588838478
(100, 160),dw,-9.78828242626
(20, 360),up,0
(320, 360),lt,-1.17001155398
(400, 100),up,0
(300, 60),dw,-8.95563923173
(240, 40),rt,-6.99015731874
(40, 280),lt,-23.3841969269
(240, 220),up,0
(320, 300),dw,0
(260, 20),up,0
(40, 160),up,-19.8583134913
(240, 0),lt,0
(260, 80),up,-8.55850664502
(380, 240),up,0
(300, 40),lt,-12.5054667329
(220, 140),up,-8.13919332708
(260, 160),rt,-8.0620537296
(40, 320),up,-12.6587156652
(260, 340),rt,-0.0725625148438
(0, 220),lt,0
(200, 300),up,-2.0088689856
(60, 40),rt,-34.7599916452
(380, 340),lt,0
(40, 300),lt,-19.2342833088
(260, 180),up,-5.92991280204
(220, 180),dw,-7.65332287949
(260, 360),lt,-0.052493425627
(260, 300),up,0
(280, 120),rt,-23.2688846693
(120, 240),dw,0
(240, 20),lt,0
(200, 200),lt,-6.18839249085
(320, 60),lt,-8.82542669238
(240, 140),lt,-8.29726535154
(120, 260),dw,0
(100, 380),rt,-14.96253125
(240, 260),dw,0
(160, 0),lt,0
(260, 320),up,0
(320, 220),dw,0
(320, 180),up,-7.52553608227
(160, 380),lt,-0.380125
(140, 60),lt,-10.1146793276
(280, 260),rt,0
(100, 60),lt,0
(380, 240),dw,0
(320, 320),dw,-5.21728934633
(160, 400),lt,0
(260, 360),rt,-0.05
(80, 0),up,0
(260, 280),dw,0
(60, 140),up,-31.813610086
(40, 240),rt,-10.5809236637
(220, 40),rt,-10.4170004326
(280, 60),dw,-8.6037187924
(240, 400),lt,0
(0, 400),dw,0
(80, 140),dw,-9.99422071638
(160, 280),dw,-2.67230732226
(100, 400),up,0
(280, 40),rt,-7.48231284579
(0, 20),up,0
(120, 0),up,0
(300, 20),lt,0
(120, 360),dw,0
(320, 140),lt,-6.93765315852
(120, 320),rt,0
(40, 120),dw,-24.6899485568
(160, 20),rt,0
(40, 180),dw,-20.2749201449
(80, 400),rt,0
(140, 0),dw,0
(380, 40),up,0
(280, 340),up,-0.599640570811
(320, 260),dw,0
(80, 340),lt,-11.0658998468
(80, 260),rt,-11.3429334905
(320, 240),dw,0
(220, 160),up,-7.81655095772
(380, 140),rt,0
(160, 240),dw,-4.31130289553
(400, 20),up,0
(220, 80),rt,-8.73391334938
(80, 220),dw,-11.001397991
(300, 0),up,0
(180, 380),up,-0.307313515171
(200, 380),dw,-5.0
(400, 120),rt,0
(320, 180),rt,-9.74941289515
(120, 360),up,0
(200, 80),lt,-8.85504574292
(400, 60),rt,0
(220, 380),rt,-0.251234567218
(160, 320),lt,-1.98427456922
(300, 80),lt,-12.3171160535
(180, 340),up,-1.10032696862
(180, 0),dw,0
(20, 140),rt,0
(80, 160),dw,-10.1423461019
(20, 200),rt,0
(300, 280),lt,0
(100, 0),dw,0
(360, 260),rt,-9.9875
(200, 60),dw,-8.98729959807
(380, 380),rt,0
(140, 20),dw,0
(20, 280),rt,0
(360, 280),up,-12.6239707302
(340, 300),rt,0
(140, 380),dw,-5.0
(400, 280),up,0
(300, 260),dw,0
(160, 380),dw,-5.0
(320, 400),rt,0
(120, 240),up,0
(260, 20),rt,0
(200, 100),lt,-8.66853676813
(60, 360),rt,-11.123182447
(100, 320),up,-7.46381054822
(180, 320),lt,20.3033651353
(220, 160),lt,-7.7908571652
(240, 340),up,-0.83883311808
(100, 200),rt,-19.2528120593
(360, 120),lt,0
(340, 240),up,0
(160, 120),lt,-8.66448023132
(60, 140),dw,-12.2524130111
(240, 360),rt,-0.53415791672
(80, 80),lt,0
(260, 120),rt,-8.74490754207
(300, 40),dw,-8.33521374762
(260, 300),rt,0
(400, 220),dw,0
(320, 0),up,0
(300, 220),dw,0
(140, 340),lt,-9.778773125
(300, 200),up,0
(300, 140),up,-9.9875
(220, 140),rt,-8.13024726318
(40, 200),lt,-31.7918003337
(300, 20),dw,0
(100, 160),lt,-9.7771250166
(240, 400),up,0
(380, 20),up,0
(20, 300),lt,0
(400, 60),up,0
(160, 300),lt,-1.88279084363
(0, 240),rt,0
(0, 260),dw,0
(400, 160),lt,0
(60, 140),lt,-13.9279413871
(60, 400),up,0
(300, 160),dw,-8.07290766099
(340, 380),rt,-0.60575
(220, 320),lt,46.8971554823
(40, 80),rt,-58.5955868701
(80, 0),lt,0
(340, 120),rt,0
(240, 80),up,-8.64970767175
(140, 20),rt,0
(20, 100),lt,0
(380, 20),lt,0
(280, 380),lt,-5.10210577942
(0, 40),up,0
(40, 340),up,-8.98400735921
(20, 160),lt,0
(80, 160),rt,-10.1428538181
(300, 300),lt,0
(0, 100),lt,0
(400, 40),dw,0
(220, 120),lt,-8.41594345858
(360, 360),dw,-0.904382945639
(260, 280),rt,0
(280, 100),lt,-11.1310982393
(240, 160),rt,-8.03038341293
(0, 340),rt,0
(320, 280),rt,0
(140, 200),up,-8.06463676751
(240, 20),up,0
(140, 140),up,-8.61616721558
(20, 220),lt,0
(20, 180),dw,0
(0, 300),dw,0
(40, 400),dw,0
(0, 120),rt,0
(360, 180),lt,-8.38799704472
(160, 240),rt,-4.84925841153
(300, 380),rt,-0.350558952595
(180, 300),rt,-1.90303752653
(380, 140),dw,0
(260, 400),rt,0
(180, 60),up,-9.30619572623
(140, 140),lt,-8.58445175122
(240, 280),rt,0
(20, 40),up,0
(120, 220),rt,0
(200, 340),rt,-0.623914265756
(300, 320),lt,-5.0
(100, 260),rt,-14.8226015492
(240, 140),up,-8.27782651671
(320, 260),lt,0
(200, 100),dw,-8.65504712263
(360, 0),lt,0
(380, 60),up,0
(80, 400),dw,0
(340, 120),up,0
(200, 300),dw,-1.9243600943
(380, 100),lt,0
(0, 100),up,0
(100, 0),lt,0
(120, 20),up,0
(340, 100),dw,0
(160, 280),rt,-2.6762413153
(0, 160),lt,0
(20, 380),dw,0
(260, 320),dw,0
(0, 400),rt,0
(360, 220),rt,-19.0426429304
(80, 20),up,0
(120, 340),rt,0
(60, 320),dw,-11.1150791673
(320, 0),dw,0
(160, 200),up,-6.34163800635
(280, 80),rt,-8.45048108826
(0, 60),up,0
(80, 160),up,-10.7055548131
(280, 20),rt,0
(160, 40),dw,-6.18623745356
(260, 140),dw,-8.27996133299
(80, 20),lt,0
(240, 220),lt,0
(40, 200),up,-16.7449785824
(140, 60),rt,-9.5120530021
(140, 340),up,-1.68449561282
(0, 60),dw,0
(0, 240),up,0
(200, 0),rt,0
(280, 140),rt,-8.71546258812
(340, 380),up,-0.630376851543
(160, 340),lt,-1.74339347008
(0, 20),dw,0
(120, 240),rt,0
(140, 80),lt,-9.67722910378
(240, 320),lt,34.2019250246
(320, 380),rt,-0.3973853125
(260, 340),dw,-0.05
(300, 220),up,0
(360, 260),up,-6.24309916336
(280, 340),dw,-0.450502071337
(340, 200),rt,0
(360, 400),dw,0
(360, 140),rt,-5.0
(140, 120),dw,-8.91790023068
(100, 220),rt,-23.6252984378
(320, 60),dw,-9.09137671461
(320, 140),rt,-6.22945417769
(280, 60),lt,-8.62379436341
(240, 240),lt,0
(100, 280),rt,-14.6269568403
(240, 40),dw,-7.02474966657
(60, 0),lt,0
(60, 360),up,-11.1625757306
(100, 20),lt,0
(300, 280),dw,0
(320, 80),dw,-14.9152284877
(80, 340),rt,-11.1461569121
(220, 60),dw,-8.77676986263
(120, 120),lt,-14.96253125
(280, 220),rt,0
(160, 320),up,-0.769942163824
(20, 260),up,0
(400, 200),rt,0
(40, 380),rt,-12.5511028491
(160, 80),rt,-9.25929635524
(60, 260),dw,-11.154749162
(140, 280),rt,-5.91641038169
(340, 140),lt,-5.46773138441
(280, 280),up,0
(200, 60),up,-8.97999832024
(400, 0),lt,0
(220, 300),dw,-0.403194167585
(200, 160),rt,-7.4689386383
(340, 320),up,-5.0
(240, 140),dw,-8.28330437652
(80, 360),lt,-11.0278382057
(160, 260),up,-4.18194837846
(280, 340),rt,-0.561505893311
(20, 260),rt,0
(80, 400),up,0
(320, 80),up,-9.21868225884
(100, 120),lt,0
(80, 200),up,-10.90341895
(0, 20),rt,0
(0, 140),dw,0
(0, 200),lt,0
(240, 380),up,-0.222086817497
(100, 280),up,-11.0470277446
(280, 140),dw,-8.07783888882
(0, 380),lt,0
(340, 380),dw,-5.0
(380, 300),up,0
(340, 320),lt,-1.27604213314
(180, 220),rt,-5.38269670176
(120, 20),rt,0
(60, 160),lt,-12.0318621892
(400, 200),up,0
(180, 140),dw,-7.98751719916
(380, 40),lt,0
(320, 160),up,-8.13594549229
(220, 100),rt,-8.57950898652
(280, 220),up,0
(100, 100),rt,0
(180, 380),dw,-5.0
(220, 300),rt,-9.79831088921
(380, 60),dw,0
(60, 300),dw,-11.0627079904
(280, 380),dw,-5.0
(0, 80),dw,0
(400, 260),up,0
(60, 260),rt,-11.1711892258
(80, 300),dw,-11.074800389
(120, 400),up,0
(240, 80),dw,-8.66091596278
(260, 220),rt,0
(240, 220),dw,0
(180, 160),rt,-7.39998846602
(380, 220),rt,0
(40, 200),rt,-11.7555960484
(140, 240),up,-6.5298696377
(400, 300),rt,0
(340, 60),lt,-8.77774090865
(40, 320),rt,-9.69666863309
(400, 160),rt,0
(380, 120),rt,0
(140, 400),lt,0
(160, 200),rt,-6.456496097
(40, 360),lt,-23.8358179177
(280, 260),up,0
(260, 60),lt,-8.55585969334
(380, 180),dw,0
(300, 280),up,0
(180, 360),dw,-1.16209902992
(60, 120),dw,0
(0, 180),lt,0
(120, 380),dw,0
(100, 380),lt,-11.1035465909
(300, 40),up,-9.7665692463
(40, 160),lt,-37.1616013784
(200, 400),rt,0
(120, 40),rt,-19.0201513187
(280, 0),dw,0
(280, 100),rt,-23.704913101
(240, 200),rt,0
(280, 20),up,0
(400, 380),lt,0
(140, 100),up,-9.21546909952
(280, 80),up,-8.50149390262
(400, 260),dw,0
(80, 100),up,0
(220, 280),lt,-5.54945894556
(120, 60),dw,-18.3039555511
(340, 180),rt,-10.031760073
(120, 280),up,0
(240, 0),rt,0
(400, 40),lt,0
(80, 20),dw,0
(320, 120),rt,0
(200, 180),up,-6.85606728563
(100, 180),up,-10.5806714249
(120, 200),lt,0
(220, 20),dw,0
(260, 140),rt,-8.25366052381
(360, 400),lt,0
(160, 260),dw,-3.49057349905
(100, 300),lt,-10.7634970673
(60, 200),up,-11.126997724
(140, 220),dw,-4.13872306128
(360, 340),rt,-5.0
(340, 120),dw,0
(60, 20),up,0
(160, 180),lt,-7.16183104542
(340, 340),rt,-1.56180499423
(280, 40),lt,-11.9343682047
(0, 260),rt,0
(240, 160),up,-8.04283858134
(280, 400),lt,0
(340, 200),dw,0
(60, 60),up,0
(380, 400),up,0
(360, 80),lt,-5.4593601457
(320, 380),dw,-5.0
(240, 60),rt,-8.64642949009
(380, 100),dw,0
(380, 280),dw,0
(240, 200),up,0
(80, 240),dw,-11.1129402788
(80, 60),dw,0
(60, 200),rt,-11.1238596181
(180, 200),rt,-6.08117719009
(260, 240),lt,0
(20, 240),dw,0
(100, 260),dw,-13.2330204017
(300, 40),rt,-8.36751145931
(260, 120),dw,-8.4333059352
(120, 180),lt,-12.9771872623
(0, 340),up,0
(100, 140),lt,-9.51603330665
(180, 300),dw,-1.8055137707
(340, 400),dw,0
(80, 120),lt,0
(300, 340),up,-1.107314375
(100, 300),dw,-11.7534197383
(360, 380),dw,-5.0
(40, 400),rt,0
(80, 320),lt,-11.0514071482
(80, 140),lt,-10.0052131314
(60, 360),dw,-11.2098219311
(160, 0),rt,0
(320, 280),dw,0
(160, 380),rt,-0.386745737882
(140, 120),up,-8.93154035721
(60, 300),up,-11.0654851087
(360, 260),dw,-5.45654384294
(220, 20),rt,0
(20, 200),dw,0
(360, 380),up,-0.340501484728
(380, 360),rt,0
(180, 0),rt,0
(300, 140),rt,-11.890872398
(180, 320),up,-1.16986567731
(360, 160),up,-8.35470693479
(160, 160),up,-7.70927931443
(120, 160),up,-8.90165834902
(340, 20),dw,0
(280, 180),rt,-6.13571079301
(160, 100),lt,-9.004997719
(240, 360),up,-0.574469727917
(380, 180),lt,0
(220, 200),dw,-10.3672943572
(380, 260),rt,0
(80, 220),rt,-11.0993973312
(240, 260),lt,0
(0, 240),dw,0
(340, 160),lt,-8.11762545298
(220, 220),dw,-6.28312722661
(300, 20),rt,0
(340, 60),dw,-8.82243824354
(300, 80),rt,-10.5112519357
(400, 140),dw,0
(340, 0),lt,0
(0, 220),dw,0
(240, 360),lt,-0.556631238481
(120, 160),lt,-8.91647126881
(220, 300),up,-1.23859949531
(20, 180),rt,0
(340, 80),up,-9.71608987457
(220, 180),up,-7.49803548765
(80, 40),lt,-37.9329296541
(180, 40),up,-14.6462944679
(140, 360),rt,-0.712818929286
(180, 200),dw,-6.03847260634
(0, 140),up,0
(60, 200),dw,-11.1355129957
(400, 60),dw,0
(280, 0),up,0
(320, 0),rt,0
(380, 280),rt,0
(40, 60),dw,-38.3331598066
(200, 40),lt,-13.0597491012
(240, 60),dw,-8.64145942435
(280, 160),up,-7.9494149224
(140, 180),lt,-8.29026113633
(220, 160),rt,-7.81061242006
(320, 180),dw,-14.2195961282
(180, 180),up,-6.88254218145
(220, 240),rt,-22.6940620478
(120, 360),rt,0
(140, 40),up,-23.1071224276
(180, 80),dw,-9.01423675047
(400, 360),dw,0
(300, 0),rt,0
(360, 340),dw,-0.893586105327
(160, 320),rt,70.4837029584
(220, 80),up,-8.73553124444
(60, 100),lt,0
(100, 140),up,-26.9000868863
(140, 240),dw,-4.83801777106
(20, 140),dw,0
(40, 100),lt,-68.6115310803
(0, 200),dw,0
(0, 340),lt,0
(180, 180),rt,-6.77977409118
(260, 380),lt,-0.102351234375
(280, 280),rt,0
(120, 400),dw,0
(340, 360),lt,-1.38620469848
(200, 240),rt,-5.70920488636
(220, 340),lt,-0.896933983013
(280, 260),dw,0
(140, 160),up,-8.38391129338
(160, 300),rt,-1.84804780335
(60, 80),lt,0
(200, 260),dw,-3.83383556804
(0, 120),lt,0
(40, 380),up,-14.1057197671
(320, 220),rt,0
(60, 140),rt,-16.512068358
(340, 200),up,0
(260, 160),lt,-8.06035828086
(220, 260),rt,-14.4853756473
(80, 280),dw,-11.0694375538
(60, 220),rt,-11.1463288819
(220, 320),rt,85.2416913319
(400, 340),up,0
(340, 80),rt,-7.65700234236
(220, 400),rt,0
(20, 120),up,0
(360, 200),rt,-14.8089667935
(40, 20),up,0
(180, 360),rt,-0.992591077234
(380, 300),dw,0
(120, 120),dw,-14.1991984971
(380, 120),dw,0
(20, 80),rt,0
(380, 260),up,0
(120, 320),dw,0
(380, 360),dw,0
(20, 220),rt,0
(80, 200),dw,-10.8959773072
(360, 240),rt,-9.75710720234
(40, 160),rt,-13.2229361158
(60, 320),up,-11.1202207204
(120, 340),lt,0
(180, 160),dw,-7.38578672883
(360, 180),rt,-23.4363405485
(200, 240),up,-5.06776175151
(80, 320),dw,-11.0661125895
(80, 380),lt,-9.65434645072
(80, 300),rt,-11.187463413
(200, 360),lt,-0.722399276918
(280, 20),lt,0
(40, 240),dw,-10.5622496156
(0, 280),rt,0
(240, 320),dw,2.79451181321
(300, 240),lt,0
(100, 380),up,-13.2278636523
(140, 380),up,-0.104612842969
(320, 320),rt,-2.35830704077
(400, 140),up,0
(220, 120),rt,-8.40293993049
(400, 340),lt,0
(180, 40),dw,-7.87194000304
(0, 0),dw,0
(40, 20),lt,0
(40, 140),up,-18.6239752122
(160, 20),lt,0
(100, 320),dw,-7.38114790329
(200, 0),lt,0
(320, 120),lt,0
(200, 20),rt,0
(400, 240),lt,0
(340, 40),rt,-14.167838734
(400, 180),lt,0
(320, 260),rt,0
(340, 360),up,-1.38355646079
(0, 320),dw,0
(300, 180),up,-12.0455797156
(60, 280),dw,-11.0951092613
(220, 180),rt,-7.54387105526
(300, 380),up,-0.308953297955
(400, 20),dw,0
(40, 40),lt,-82.1431037338
(40, 300),rt,-8.39686598972
(60, 100),up,0
(140, 220),lt,-9.824283377
(220, 80),lt,-8.72045298128
(200, 360),dw,-0.897358294479
(260, 0),dw,0
(20, 40),lt,0
(200, 220),dw,-5.55046467615
(140, 40),lt,-8.20243054771
(220, 380),lt,-0.206547990733
(80, 220),up,-11.0028057573
(0, 0),rt,0
(120, 320),lt,0
(240, 120),dw,-8.48564334749
(280, 220),lt,0
(60, 400),dw,0
(160, 240),up,-4.89654756512
(80, 20),rt,0
(360, 320),lt,-1.04197946366
(40, 380),dw,-14.96253125
(120, 100),dw,-13.6335259463
(280, 0),lt,0
(340, 300),lt,0
(240, 320),rt,97.5809214154
(80, 260),dw,-11.1749078669
(120, 300),dw,0
(80, 120),rt,0
(40, 0),rt,0
(340, 220),lt,0
(300, 360),rt,-0.891791135764
(380, 140),lt,0
(0, 200),up,0
(380, 200),up,0
(360, 20),dw,0
(80, 280),lt,-11.0806229648
(140, 120),rt,-8.91908602162
(100, 200),lt,-11.4656065976
(100, 340),up,-10.8108888774
(60, 380),rt,-14.4252302999
(20, 220),dw,0
(80, 180),rt,-10.760481304
(360, 20),lt,0
(20, 340),lt,0
(0, 40),rt,0
(340, 160),up,-8.27356103235
(200, 140),rt,-7.98134869777
(220, 340),dw,-0.903598285385
(400, 60),lt,0
(120, 120),rt,-9.88375700034
(120, 300),lt,0
(240, 380),rt,-0.201996290597
(200, 320),lt,24.5118626961
(60, 60),dw,0
(20, 200),lt,0
(320, 120),dw,0
(0, 360),lt,0
(80, 0),dw,0
(400, 180),up,0
(340, 240),dw,0
(400, 0),rt,0
(180, 200),up,-6.15092433592
(0, 80),lt,0
(220, 260),dw,-6.40533449923
(60, 300),lt,-11.2141854812
(340, 160),rt,-8.17445525527
(400, 300),up,0
(60, 360),lt,-11.675658357
(360, 60),up,-6.2275816951
(200, 220),lt,-5.56090086647
(300, 400),dw,0
(240, 60),up,-8.69214125981
(360, 100),lt,0
(0, 0),up,0
(200, 120),rt,-8.38556200784
(240, 100),lt,-8.59895672509
(120, 400),rt,0
(360, 220),dw,-6.89339578015
(0, 360),dw,0
(380, 80),lt,0
(360, 100),up,0
(240, 320),up,-2.94708342057
(60, 20),rt,0
(380, 220),lt,0
(300, 360),lt,-0.885314761427
(260, 240),dw,0
(120, 160),dw,-9.19562944748
(180, 120),dw,-8.4438900559
(400, 360),rt,0
(120, 180),up,-9.23398398156
(100, 180),rt,-10.6735929997
(40, 300),up,-8.11670261969
(60, 240),rt,-11.191302084
(140, 320),lt,-5.0
(20, 200),up,0
(200, 100),rt,-8.64555915088
(400, 340),dw,0
(0, 240),lt,0
(380, 380),dw,0
(120, 220),dw,0
(280, 360),lt,-0.482490669177
(160, 160),dw,-7.52348221376
(40, 140),rt,-18.948528565
(260, 140),up,-8.26859399895
(140, 160),dw,-8.3324970158
(120, 40),lt,-19.926464038
(340, 220),dw,0
(40, 0),dw,0
(20, 340),up,0
(380, 60),rt,0
(80, 160),lt,-10.150085026
(80, 80),rt,0
(340, 360),rt,-1.37880981231
(340, 180),lt,-10.7858555636
(400, 180),dw,0
(260, 280),lt,0
(0, 280),up,0
(40, 260),lt,-18.9685770621
(100, 240),dw,-9.4264069729
(240, 120),lt,-8.47173691149
(200, 80),dw,-8.84618220148
(100, 360),dw,-10.2039867838
(100, 240),lt,-13.366281835
(40, 360),rt,-10.1142551352
(180, 400),rt,0
(320, 100),lt,0
(200, 280),dw,-2.86956317265
(360, 300),rt,-9.9875
(400, 380),dw,0
(20, 300),rt,0
(220, 280),up,-6.10649539925
(240, 180),rt,-9.71263800019
(240, 300),up,0
(280, 80),lt,-8.4381221284
(20, 40),dw,0
(360, 0),up,0
(160, 240),lt,-4.91975581867
(300, 340),dw,-0.941794745599
(260, 340),lt,-0.0659125
(100, 140),dw,-13.5484256693
(40, 60),up,-42.1876661477
(400, 140),rt,0
(120, 0),rt,0
(260, 360),up,48.9031266884
(100, 400),rt,0
(20, 380),up,0
(20, 180),up,0
(140, 400),dw,0
(220, 400),up,0
(40, 240),up,-10.534987812
(280, 200),lt,0
(280, 260),lt,0
(220, 260),up,-6.29982702691
(360, 80),dw,-9.84900178367
(180, 280),lt,-2.82437747164
(300, 180),lt,-7.87761739564
(320, 400),dw,0
(100, 300),rt,-27.7137897759
(140, 240),lt,-9.91197504241
(140, 160),rt,-8.3172418158
(400, 240),up,0
(320, 80),rt,-12.4213466567
(300, 240),rt,0
(320, 40),up,-14.8728264926
(200, 0),up,0
(20, 160),up,0
(40, 240),lt,-34.9496431644
(360, 140),lt,-4.66518191496
(400, 340),rt,0
(220, 320),up,-3.69510690819
(300, 400),lt,0
(360, 400),rt,0
(20, 380),lt,0
(0, 300),up,0
(400, 260),rt,0
(340, 100),lt,0
(60, 240),dw,-11.1872046341
(320, 20),lt,0
(320, 340),rt,-1.22997971918
(220, 280),rt,-9.9875
(40, 60),lt,-62.1205562185
(220, 60),up,-8.84915638202
(160, 300),up,-1.86901148189
(20, 300),up,0
(260, 240),rt,0
(20, 280),dw,0
(400, 40),rt,0
(100, 80),lt,0
(400, 200),lt,0
(0, 60),rt,0
(280, 140),lt,-8.08754906302
(300, 200),lt,0
(300, 260),up,0
(380, 300),lt,0
(260, 200),up,0
(400, 220),rt,0
(200, 200),dw,-6.37587987842
(120, 140),rt,-8.78789418188
(100, 140),rt,-12.6831601442
(320, 100),up,0
(120, 100),up,-18.537302035
(80, 80),up,0
(320, 40),dw,-10.0296082067
(320, 320),up,-9.75589616016
(380, 260),lt,0
(140, 360),up,-0.670613080174
(200, 160),lt,-7.46032696911
(100, 120),up,0
(40, 0),up,0
(200, 280),rt,-3.04671862947
(400, 80),lt,0
(40, 360),dw,-14.3962608518
(360, 40),rt,-14.96253125
(160, 100),dw,-9.03267070671
(360, 320),dw,-1.04335506806
(100, 40),lt,-33.2216595094
(20, 180),lt,0
(280, 0),rt,0
(320, 300),lt,0
(360, 280),lt,-14.96253125
(60, 280),up,-11.1135208759
(40, 0),lt,0
(40, 380),lt,-14.8925197875
(340, 260),rt,0
(280, 360),dw,-0.641844359375
(100, 80),dw,0
(20, 100),dw,0
(40, 180),rt,-12.9750783858
(220, 100),lt,-8.58535805816
(380, 180),rt,0
(180, 340),lt,-1.12118589757
(280, 140),up,-8.30822847474
(320, 400),lt,0
(160, 200),dw,-5.96290118229
(360, 20),rt,0
(220, 240),lt,-6.0787034644
(120, 360),lt,0
(180, 240),up,-4.58578600323
(320, 160),dw,-8.38641371887
(280, 60),rt,-8.60596057387
(160, 220),lt,-5.60549212159
(180, 300),up,-1.9068726988
(300, 0),lt,0
(200, 40),dw,-8.68667734301
(260, 260),lt,0
(300, 400),up,0
(400, 20),lt,0
(260, 220),dw,0
(300, 220),lt,0
(260, 220),lt,0
(180, 180),lt,-6.82840844408
(80, 180),up,-10.7530459158
(260, 120),lt,-8.41810395699
(0, 360),rt,0
(400, 300),lt,0
(340, 320),dw,-1.24957067676
(380, 200),rt,0
(80, 100),dw,0
(360, 220),lt,-9.9875
(180, 240),rt,-4.61949014631
(200, 120),dw,-8.3908882143
(340, 140),rt,-5.37710062855
(360, 360),rt,-5.0
(300, 100),dw,0
(180, 40),lt,-7.8574130537
(220, 100),dw,-8.59932389222
(240, 260),rt,0
(100, 220),up,-7.97705019724
(260, 100),rt,-8.96673510982
(400, 0),dw,0
(20, 60),rt,0
(80, 360),up,-11.0201746304
(60, 280),rt,-11.092497293
(160, 60),lt,-9.29112572916
(60, 60),rt,0
(400, 320),rt,0
(20, 400),up,0
(320, 240),up,0
(60, 320),lt,-11.3125277217
(260, 280),up,0
(20, 80),lt,0
(100, 200),up,-9.91684728379
(340, 280),dw,0
(80, 40),rt,-25.0335590206
(180, 160),lt,-7.40626461845
(380, 180),up,0
(220, 220),up,-6.03534392951
(0, 380),rt,0
(320, 100),dw,0
(400, 80),dw,0
(380, 100),up,0
(200, 280),up,-3.10097114989
(20, 0),rt,0
(100, 20),dw,0
(60, 380),dw,-14.7456318619
(240, 340),lt,-0.718060278532
(100, 240),up,-8.67769901852
(40, 220),rt,-10.607498903
(340, 180),up,-8.84781332888
(200, 20),up,0
(320, 20),up,0
(160, 80),dw,-9.25301231272
(200, 200),up,-6.17978716478
(400, 200),dw,0
(380, 60),lt,0
(320, 240),lt,0
(380, 160),up,0
(120, 40),up,-40.4383858172
(340, 400),rt,0
(300, 380),dw,-5.0
(180, 120),up,-8.45002280923
(220, 60),rt,-8.76922995991
(40, 40),dw,-39.0801132468
(40, 100),rt,-54.3723661511
(240, 120),rt,-8.47835619785
(260, 20),dw,0
(80, 240),up,-11.1056365576
(140, 220),up,-6.1161449373
(320, 100),rt,0
(20, 80),dw,0
(400, 100),dw,0
(60, 80),rt,0
(160, 140),rt,-8.2774718044
(200, 360),rt,-0.718386426038
(0, 400),lt,0
(260, 240),up,0
(40, 20),dw,0
(260, 60),rt,-8.57119796871
(160, 40),lt,-6.05529969637
(220, 400),dw,0
(280, 300),rt,0
(340, 80),dw,-18.6891964569
(320, 400),up,0
(400, 240),dw,0
(0, 180),rt,0
(260, 220),up,0
(0, 320),rt,0
(160, 20),up,0
(20, 100),up,0
(400, 160),dw,0
(0, 260),lt,0
(260, 260),up,0
(340, 400),up,0
(280, 40),up,-31.382432321
(240, 100),up,-8.60949639856
(0, 0),lt,0
(160, 400),dw,0
(240, 60),lt,-8.66436563046
(180, 240),dw,-4.44464448185
(180, 360),up,-0.995978088326
(100, 160),up,-10.6089681721
(140, 240),rt,-4.79220774546
(300, 140),lt,-9.67366284522
(180, 200),lt,-6.06276494015
(400, 280),rt,0
(20, 160),rt,0
(300, 0),dw,0
(300, 340),lt,-0.948833242358
(160, 220),dw,-5.16511051793
(40, 40),rt,-44.9110965177
(0, 280),dw,0
(100, 120),dw,0
(280, 180),lt,-9.68356789949
(340, 0),dw,0
(360, 300),up,-10.2144832405
(20, 40),rt,0
(20, 380),rt,0
(380, 0),rt,0
(220, 160),dw,-7.79678124786
(340, 100),rt,0
(380, 80),up,0
(160, 180),rt,-6.99526163321
(40, 400),lt,0
(100, 40),up,-61.6131798293
(260, 200),dw,0
(80, 200),rt,-10.938800682
(40, 60),rt,-64.5095019901
(320, 340),lt,-1.19028132748
(140, 200),dw,-5.53217326394
(400, 80),up,0
(300, 60),lt,-8.71487345688
(0, 180),up,0
(100, 80),rt,0
(80, 280),up,-11.0902113049
(140, 360),dw,-5.0
(120, 80),dw,-13.5891015842
(200, 160),up,-7.43244563702
(380, 300),rt,0
(140, 360),lt,-5.0
(260, 60),up,-8.63578486813
(240, 280),dw,0
(260, 160),up,-8.06075515918
(120, 100),lt,-32.2808418043
(20, 400),dw,0
(300, 80),dw,-31.6157928281
(280, 160),rt,-7.9191832605
(380, 220),dw,0
(260, 200),lt,0
(240, 0),dw,0
(220, 0),rt,0
(0, 120),dw,0
(80, 280),rt,-11.186275193
(80, 60),up,0
(120, 20),dw,0
(200, 120),lt,-8.41481719608
(80, 220),lt,-10.9902175061
(280, 180),dw,-26.7621255383
(140, 40),rt,-10.2496042664
(400, 360),up,0
(180, 380),lt,-0.335665562578
(260, 380),dw,-5.0
(260, 40),up,-14.8039582038
(340, 100),up,0
(240, 160),dw,-8.68584210944
(300, 200),dw,0
(180, 180),dw,-6.75579839197
(360, 140),up,-5.0
(360, 320),rt,-9.76328953347
(300, 120),up,0
(40, 40),up,-76.0031622711
(400, 360),lt,0
(360, 380),lt,-0.335
(60, 240),lt,-11.9977304302
(320, 160),lt,-8.09317775226
(200, 40),up,-9.96852261709
(340, 180),dw,-14.4289499918
(80, 340),up,-11.0638198634
(160, 360),rt,-1.21030759515
(40, 160),dw,-18.1652018105
(140, 180),dw,-8.22170686727
(180, 260),lt,-3.74239857426
(180, 280),up,-2.88476647028
(180, 100),up,-8.79934416567
(220, 260),lt,-4.37904593873
(0, 380),up,0
(180, 340),dw,-1.0837618317
(80, 40),up,-66.8479218118
(320, 140),up,-9.9875
(340, 80),lt,-7.71944736275
(280, 200),up,0
(220, 300),lt,-1.06416657701
(220, 140),dw,-8.11116273575
(220, 400),lt,0
(220, 20),up,0
(200, 320),dw,-0.901164367171
(300, 240),dw,0
(300, 220),rt,0
(360, 280),dw,-10.8910520372
(140, 380),lt,-5.0
(380, 360),up,0
(120, 80),lt,-42.9600549504
(240, 360),dw,-0.63959375
(20, 240),rt,0
(160, 260),lt,-4.98673113598
(80, 380),dw,-14.6336161119
(200, 140),up,-8.03815692874
(260, 340),up,94.343837265
(200, 320),rt,82.1636349838
(80, 120),dw,0
(260, 80),rt,-8.52603735865
(360, 300),lt,-14.738301979
(20, 120),dw,0
(220, 220),rt,-14.422197108
(360, 180),up,-10.0934493547
(260, 360),dw,-0.335
(380, 260),dw,0
(140, 180),rt,-7.54732879657
(240, 120),up,-8.49536771275
(340, 20),rt,0
(40, 260),up,-9.1370819699
(20, 360),rt,0
(120, 120),up,-15.0430219217
(0, 280),lt,0
(340, 300),dw,0
(400, 140),lt,0
(100, 20),up,0
(240, 400),dw,0
(300, 140),dw,-7.32998760577
(380, 80),rt,0
(320, 20),dw,0
(280, 60),up,-8.74801550366
(20, 120),lt,0
(360, 300),dw,-4.79041875462
(180, 400),dw,0
(220, 380),dw,-5.0
(320, 60),rt,-8.80604253159
(100, 360),rt,-19.2537901285
(380, 360),lt,0
(260, 380),rt,-0.157793281231
(360, 360),up,-0.755776230645
(100, 240),rt,-18.9449441313
(340, 280),lt,0
(240, 340),rt,-0.704127278989
(340, 360),dw,-1.55997622344
(140, 320),rt,-4.97832623466
(40, 280),up,-6.65913311717
(20, 320),rt,0
(320, 200),up,0
(160, 60),dw,-9.24237164701
(0, 100),dw,0
(260, 140),lt,-8.27781406311
(120, 380),rt,0
(280, 160),dw,-8.27602315335
(40, 140),dw,-18.2406949331
(400, 320),up,0
(360, 340),lt,-0.930346067708
(320, 240),rt,0
(80, 120),up,0
(300, 180),dw,-9.8233680822
(340, 400),lt,0
(360, 200),dw,-6.83199486024
(180, 80),up,-9.0386756678
(140, 100),rt,-9.1996521405
(320, 200),rt,0
(320, 340),up,-1.30347738183
(40, 120),rt,-49.2132867258
(180, 120),lt,-8.4562939062
(340, 280),up,0
(400, 300),dw,0
(40, 260),rt,-9.1989803265
(60, 160),dw,-10.8844802549
(280, 40),dw,-12.2434010185
(0, 60),lt,0
(140, 180),up,-7.5705364601
(260, 40),dw,-8.85842234508
(380, 320),lt,0
(60, 200),lt,-12.0449117551
(340, 40),lt,-14.5611894304
(120, 200),up,0
(100, 0),up,0
(0, 140),lt,0
(360, 200),up,-7.00972105771
(220, 360),dw,-0.8629625
(40, 80),up,-40.6535796451
(200, 280),lt,-3.0563799575
(300, 400),rt,0
(60, 380),lt,-10.4650745972
(120, 300),up,0
(140, 300),up,-5.53208454769
(180, 160),up,-7.42958242473
(340, 160),dw,-8.30125915584
(200, 140),lt,-7.98156298187
(20, 80),up,0
(220, 200),lt,-11.2051010122
(160, 400),rt,0
(40, 300),dw,-8.41121623905
(340, 240),rt,0
(120, 80),up,-13.6006902305
(80, 360),rt,-11.3025436473
(360, 20),up,0
(380, 400),rt,0
(280, 200),rt,0
(380, 120),up,0
(380, 160),rt,0
(220, 20),lt,0
(120, 40),dw,-16.1547851345
(180, 280),rt,-2.89199788904
(400, 240),rt,0
(200, 400),dw,0
(100, 40),dw,-55.9615526373
(100, 100),dw,0
(160, 160),lt,-7.81271221597
(0, 160),dw,0
(180, 0),lt,0
(340, 220),up,0
(240, 300),rt,0
(260, 60),dw,-8.58166142687
(140, 200),lt,-18.8576942658
(340, 300),up,0
(180, 100),lt,-8.81943025986
(400, 400),up,0
(200, 140),dw,-7.97617553059
(60, 180),dw,-10.9998495504
(360, 320),up,-1.34995643575
(360, 200),lt,-14.7177427902
(140, 120),lt,-8.94432621537
(120, 400),lt,0
(360, 400),up,0
(300, 300),up,0
(300, 60),rt,-8.69663186878
(140, 280),dw,-1.67927501635
(0, 40),lt,0
(300, 120),rt,0
(160, 360),up,-1.2251964601
(40, 200),dw,-15.2613153046
(320, 120),up,0
(140, 80),dw,-9.52357961257
(320, 360),rt,-1.18313473488
(60, 100),dw,0
(380, 240),rt,0
(120, 100),rt,-14.2973317654
(260, 40),lt,-7.28708781836
(280, 220),dw,0
(160, 220),up,-5.72042766914
(240, 380),lt,-0.15672955715
(260, 260),dw,0
(80, 340),dw,-11.0544210012
(220, 240),up,-11.2841710399
(80, 60),lt,0
(380, 320),dw,0
(100, 280),dw,-11.0092379455
(260, 0),lt,0
(320, 140),dw,-6.94396770795
(320, 300),rt,0
(40, 340),rt,-9.05910007649
(360, 140),dw,-4.75032300221
(380, 340),rt,0
(180, 380),rt,-0.295918229918
(400, 80),rt,0
(160, 0),up,0
(40, 140),lt,-43.8112899243
(360, 80),up,-7.72524816742
(20, 340),rt,0
(180, 220),dw,-5.2761196472
(400, 20),rt,0
(60, 60),lt,0
(220, 0),up,0
(300, 260),lt,0
(100, 40),rt,-31.0048279337
(360, 120),up,0
(160, 180),up,-7.19408283975
(300, 60),up,-8.74355097324
(180, 60),dw,-9.10518662362
(380, 160),dw,0
(60, 20),lt,0
(100, 320),lt,-7.54931839827
(20, 60),dw,0
(260, 100),dw,-8.47983937896
(280, 280),lt,0
(180, 400),lt,0
(200, 240),lt,-5.06720279271
(20, 260),dw,0
(180, 320),rt,77.8127196275
(280, 180),up,-6.21726728089
(180, 40),rt,-7.90804482539
(200, 180),lt,-6.82045703096
(300, 100),rt,0
(200, 160),dw,-7.42266603908
(340, 140),dw,-5.47964299118
(220, 360),rt,-0.720438856233
(360, 160),rt,-9.9875
(280, 20),dw,0
(360, 100),rt,0
(240, 100),rt,-8.62696014408
(200, 80),up,-8.85742807638
(260, 260),rt,0
(140, 260),dw,-8.38539062918
(60, 320),rt,-11.1126318105
(220, 60),lt,-8.78941853511
(60, 0),up,0
(260, 320),rt,0
(180, 360),lt,-0.976040698258
(20, 340),dw,0
(320, 40),lt,-10.0097217962
(280, 240),rt,0
(320, 340),dw,-1.17179585662
(40, 260),dw,-11.3766809103
(380, 380),up,0
(240, 240),dw,0
(200, 300),rt,-2.29407927578
(20, 0),up,0
(40, 360),up,-13.221643159
(320, 380),up,-0.346344138241
(200, 340),dw,-0.673872722393
(360, 240),lt,-9.88977738976
(140, 160),lt,-8.36059138548
(0, 400),up,0
(60, 180),rt,-11.0088629288
(20, 100),rt,0
(60, 120),lt,0
(260, 400),dw,0
(280, 360),rt,-0.520163759753
(140, 300),rt,-1.60108107028
(0, 320),lt,0
(400, 220),up,0
(0, 100),rt,0
(280, 120),up,-12.4450314936
(160, 60),rt,-9.22977686011
(220, 320),dw,2.20419542432
(60, 40),up,-69.1694198043
(400, 260),lt,0
(80, 240),lt,-11.1042262193
(100, 400),lt,0
(200, 0),dw,0
(200, 260),rt,-3.9885251876
(280, 200),dw,0
(160, 300),dw,-1.80903291939
(80, 100),lt,0
(360, 40),dw,-13.86926088
(280, 400),dw,0
(140, 60),dw,-9.52582985264
(380, 80),dw,0
(200, 20),lt,0
(60, 160),up,-11.1360422563
(160, 40),rt,-6.13638567225
(0, 160),up,0
(180, 20),rt,0
(240, 20),rt,0
(200, 200),rt,-6.84000695467
(280, 80),dw,-8.46881814766
(180, 80),rt,-9.00270907347
(20, 360),dw,0
(220, 180),lt,-7.53137188463
(300, 160),rt,-7.98110986917
(220, 240),dw,-11.3976269878
(40, 220),up,-10.893466114
(20, 160),dw,0
(340, 340),up,-1.58706115854
(260, 80),dw,-8.54938134842
(120, 380),up,0
(60, 340),dw,-11.1265901777
(360, 0),dw,0
(60, 340),lt,-11.2016383654
(20, 400),lt,0
(40, 280),rt,-6.71850542322
(320, 200),dw,0
(380, 220),up,0
(280, 320),up,-5.0
(140, 100),dw,-9.20758650936
(160, 100),up,-9.00654488718
(320, 280),up,0
(80, 260),up,-11.1816409412
(280, 360),up,-0.54347717888
(300, 180),rt,-7.76369707532
(100, 360),up,-10.1715902344
(0, 220),rt,0
(380, 380),lt,0
(120, 140),lt,-8.8249174544
(240, 220),rt,0
(100, 200),dw,-12.6360409142
(380, 280),up,0
(380, 340),up,0
(200, 380),lt,-0.254822264377
(60, 0),dw,0
(280, 100),up,-11.5386695667
(60, 340),up,-11.1317194694
(220, 200),rt,-14.5049840264
(320, 180),lt,-10.9343019924
(200, 400),up,0
(380, 20),rt,0
(360, 240),up,-5.049875
(220, 120),up,-8.41244077214
(260, 120),up,-8.42240348588
(260, 100),lt,-8.47398295446
(80, 180),lt,-10.7836055809
(240, 240),up,0
(280, 380),up,-0.222059620212
(240, 80),lt,-8.65866151432
(80, 140),up,-23.4726017521
(60, 180),up,-11.0198641617
(300, 320),up,-5.0
(360, 260),lt,-14.6622861199
(60, 400),lt,0
(380, 40),dw,0
(320, 300),up,0
(80, 300),up,-11.0897133662
(140, 260),up,-10.5079164832
(300, 200),rt,0
(180, 100),rt,-8.80570760791
(320, 260),up,0
(180, 240),lt,-4.57257475112
(300, 340),rt,-0.930214222848
(340, 260),lt,0
(40, 80),dw,-37.1753283625
(20, 240),up,0
(140, 40),dw,-8.16660315626
(20, 300),dw,0
(220, 100),up,-8.56391991345
(180, 140),lt,-7.99043731449
(60, 0),rt,0
(300, 320),rt,-0.560703596756
(220, 0),dw,0
(200, 80),rt,-8.86310691325
(60, 280),lt,-11.0934558083
(40, 340),dw,-8.97412309143
(340, 340),dw,-1.48393384944
(400, 40),up,0
(280, 400),up,0
(220, 360),up,-0.703309071203
(240, 300),dw,0
(300, 280),rt,0
(260, 300),dw,0
(160, 120),dw,-8.64381770176
(60, 220),up,-11.1337622043
(140, 260),lt,-14.4462953237
(360, 120),dw,0
(140, 0),rt,0
(360, 280),rt,-14.7794687366
(360, 180),dw,-10.914863175
(80, 60),rt,0
(300, 360),up,-0.931581319865
(380, 200),lt,0
(180, 220),up,-5.38403965833
(320, 360),dw,-1.33944865625
(220, 220),lt,-5.80414745425
(180, 260),rt,-3.71820110826
(260, 200),rt,0
(100, 180),lt,-10.5794655971
(320, 80),lt,-9.696290118
(380, 140),up,0
(180, 340),rt,-1.05038781378
(120, 280),dw,0
(360, 40),up,-14.96253125
(120, 280),lt,0
(220, 40),dw,-10.8211321319
(160, 360),dw,-1.33944865625
(340, 120),lt,0
(100, 120),rt,0
(300, 260),rt,0
(200, 380),up,-0.297439955056
(160, 220),rt,-5.57057368527
(240, 20),dw,0
(140, 380),rt,-0.052375
(20, 60),lt,0
(100, 80),up,0
(160, 60),up,-9.2498894863
(120, 320),up,0
(160, 260),rt,-4.14163903414
(320, 360),up,-1.13632502872
(100, 360),lt,-13.8942028718
(380, 340),dw,0
(0, 300),lt,0
(240, 40),lt,-7.08578962714
(140, 280),up,-1.69737526195
(120, 60),rt,-11.2826441869
(280, 320),lt,35.7787529412
(400, 120),dw,0
(20, 220),up,0
(280, 100),dw,-10.3113586993
(140, 0),up,0
(0, 180),dw,0
(180, 300),lt,-1.88504261763
(80, 0),rt,0
(240, 180),lt,-7.10624040625
(280, 300),dw,0
(240, 340),dw,-0.716173847559
(40, 20),rt,0
(120, 220),lt,0
(160, 140),dw,-8.28108418079
(120, 0),lt,0
(60, 80),dw,0
(120, 80),rt,-14.5292928567
(140, 340),rt,-1.59164399455
(240, 0),up,0
(40, 100),dw,-41.2697099223
(380, 400),dw,0
(100, 160),rt,-9.64260630807
(120, 140),up,-8.79865846113
(400, 320),dw,0
(200, 360),up,-0.720649886786
(20, 20),up,0
(240, 100),dw,-8.60368043523
(120, 340),up,0
(60, 40),lt,-43.5449255353
(360, 100),dw,0
(80, 360),dw,-11.080237745
(280, 380),rt,-0.253733666426
(320, 380),lt,-0.277371719553
(0, 320),up,0
(400, 280),dw,0
(80, 200),lt,-10.9552538772
(240, 180),up,-7.12345244471
(160, 120),up,-8.65179404983
(100, 60),dw,0
(340, 240),lt,0
(180, 320),dw,-0.869059293568
(80, 400),lt,0
(0, 380),dw,0
(340, 280),rt,0
(260, 180),lt,-5.83292879396
(80, 260),lt,-11.1838092687
(200, 100),up,-8.67382327923
(120, 240),lt,0
(140, 140),dw,-8.59083453821
(200, 60),lt,-8.97251625612
(240, 40),up,-9.81988158824
(100, 380),dw,-14.725625
(380, 40),rt,0
(400, 280),lt,0
(0, 140),rt,0
(360, 360),lt,-0.821950264823
(280, 120),dw,-11.3055154778
(400, 220),lt,0
(400, 400),dw,0
(0, 120),up,0
(360, 220),up,-6.17243619468
(360, 380),rt,-9.76286336832
(140, 320),up,-5.19721327233
(140, 140),rt,-8.5848330423
(380, 20),dw,0
(220, 40),lt,-9.11982576034
(220, 340),up,-0.858076511472
(380, 320),rt,0
(300, 80),up,-12.6731930364
(240, 140),rt,-8.29102940243
(200, 340),up,-0.160125447952
(320, 20),rt,0
(260, 380),up,1.55692510145
(400, 320),lt,0
(240, 280),up,0
(320, 60),up,-9.00790562298
(360, 40),lt,-11.9504800879
(380, 200),dw,0
(100, 60),rt,0
(300, 160),up,-8.12612376952
(380, 240),lt,0
(20, 140),lt,0
(20, 320),up,0
(40, 180),lt,-43.6524819561
(0, 160),rt,0
(20, 280),lt,0
(140, 80),rt,-9.52659295264
(200, 220),up,-5.59353603441
(360, 60),lt,-6.24778731638
(300, 120),dw,0
(280, 160),lt,-7.93177258735
(20, 0),lt,0
(0, 80),up,0
(80, 320),rt,-11.0978346604
