(280, 340),lt,-0.557373296922
(240, 400),rt,0
(0, 360),up,0
(200, 260),up,-1.45905769381
(200, 320),up,-0.706079653543
(100, 20),rt,0
(140, 340),dw,2.34188151183
(180, 140),up,-3.78119491535
(280, 320),dw,-0.220413822175
(160, 340),dw,94.638595466
(260, 0),up,0
(120, 180),dw,-13.849792893
(80, 40),dw,-67.5665792522
(260, 20),lt,0
(360, 60),dw,-1.79079589843
(340, 0),up,0
(20, 240),lt,0
(180, 280),dw,-1.49464335695
(400, 100),rt,0
(120, 20),lt,0
(100, 340),lt,-5.53641143361
(400, 400),rt,0
(160, 100),rt,-4.26694666753
(100, 100),lt,0
(60, 220),dw,-6.91390089417
(340, 20),lt,0
(280, 240),up,0
(100, 60),up,0
(200, 240),dw,-1.82593184193
(140, 20),lt,0
(280, 280),dw,0
(120, 260),lt,0
(120, 140),dw,-4.97622314754
(0, 200),rt,0
(260, 320),lt,-0.264922081285
(60, 260),up,-6.53949311942
(100, 340),dw,-5.61375650852
(120, 340),dw,0
(280, 240),lt,0
(220, 380),up,-0.102362192063
(180, 60),lt,-4.58621371245
(160, 320),dw,86.1023589523
(260, 40),rt,-5.55848063712
(340, 320),rt,-5.0
(200, 300),lt,-1.06823730917
(60, 160),rt,-6.57834103466
(220, 280),dw,-0.592376056276
(200, 40),rt,-2.15548590614
(320, 280),lt,0
(380, 120),lt,0
(320, 160),rt,-3.68300881361
(220, 140),lt,-3.83060874025
(200, 180),rt,-3.17422984002
(120, 280),rt,0
(180, 260),dw,-1.09705861494
(120, 380),lt,0
(380, 0),lt,0
(140, 300),lt,-9.77010553897
(40, 220),lt,-14.4343348211
(360, 120),rt,0
(40, 80),lt,-61.3792178523
(340, 260),dw,0
(400, 120),up,0
(160, 120),rt,-3.99719260968
(100, 260),lt,-6.57478156537
(320, 40),rt,-6.64517957007
(200, 260),lt,-1.41873416087
(20, 320),dw,0
(0, 300),rt,0
(140, 320),dw,-0.110256830147
(40, 120),lt,-40.4118884518
(340, 60),rt,-4.04019243726
(340, 40),up,-5.0
(300, 380),lt,-0.255317990068
(400, 160),up,0
(0, 340),dw,0
(140, 400),rt,0
(300, 360),dw,-0.60575
(160, 280),lt,-0.792956160999
(300, 240),up,0
(380, 0),up,0
(100, 400),dw,0
(160, 140),lt,-3.79393260997
(100, 300),up,-6.15855184349
(80, 380),up,-2.95035383442
(180, 80),lt,-4.4091636378
(180, 100),dw,-4.29748001846
(260, 400),lt,0
(80, 100),rt,0
(340, 340),lt,-0.557370925182
(280, 300),lt,0
(240, 180),dw,-26.7376792993
(280, 120),lt,-4.01095444404
(120, 200),dw,0
(240, 280),lt,0
(400, 380),rt,0
(300, 300),rt,0
(60, 120),up,0
(140, 100),lt,-5.30516612728
(220, 40),up,-14.2950716335
(20, 120),rt,0
(320, 200),lt,0
(260, 180),dw,-9.78278417795
(380, 400),lt,0
(300, 100),up,0
(160, 0),dw,0
(80, 380),rt,-2.96096512467
(320, 220),up,0
(20, 20),dw,0
(240, 300),lt,0
(120, 60),up,-17.5589369191
(140, 400),up,0
(60, 120),rt,0
(60, 80),up,0
(20, 20),rt,0
(100, 220),lt,-4.83864872291
(340, 60),up,-4.00375744233
(360, 80),rt,-5.0
(40, 280),dw,-8.85642866503
(200, 180),dw,-3.13190129568
(80, 240),rt,-6.67471744978
(360, 0),rt,0
(40, 100),up,-38.7330656971
(60, 340),rt,-6.11162455709
(280, 300),up,0
(260, 180),rt,-2.10764481763
(180, 120),rt,-3.76426906683
(380, 100),rt,0
(180, 400),up,0
(200, 60),rt,-4.32667087816
(340, 200),lt,0
(300, 300),dw,0
(100, 0),rt,0
(380, 160),lt,0
(160, 140),up,5.56153696867
(120, 200),rt,0
(120, 0),dw,0
(100, 220),dw,-4.83160330874
(160, 80),up,4.94934906487
(180, 20),dw,0
(160, 280),up,26.8353796223
(140, 220),rt,-6.77483136578
(320, 0),lt,0
(200, 380),rt,-0.102351234375
(220, 0),lt,0
(40, 120),up,-25.2355217826
(220, 80),dw,-4.20576998554
(280, 400),rt,0
(380, 320),up,0
(100, 280),lt,-6.96220105614
(100, 260),up,-6.60469241182
(300, 20),up,0
(400, 120),lt,0
(120, 220),up,0
(0, 20),lt,0
(180, 260),up,-1.26308691384
(100, 100),up,0
(300, 120),lt,0
(240, 200),dw,0
(20, 400),rt,0
(80, 80),dw,0
(240, 380),dw,-5.0
(60, 240),up,-6.57924359544
(140, 0),lt,0
(360, 60),rt,-9.75486168363
(340, 220),rt,0
(140, 300),dw,-5.93502665626
(120, 180),rt,-4.38385074873
(260, 100),up,-4.17762453513
(160, 80),lt,-5.0378723014
(160, 340),rt,-0.405762714468
(380, 280),lt,0
(160, 160),rt,-2.5993664299
(240, 260),up,0
(160, 20),dw,0
(140, 280),lt,-5.0
(400, 0),up,0
(380, 0),dw,0
(140, 200),rt,-3.86277143297
(80, 180),dw,-6.48997524743
(340, 140),up,-5.0
(160, 360),lt,0
(160, 180),dw,46.8841630189
(40, 340),lt,-9.8100239271
(160, 400),up,0
(360, 160),lt,-1.89091355449
(40, 320),dw,-6.79476130695
(80, 140),rt,-10.1114622576
(200, 120),up,-3.95022848778
(240, 240),rt,0
(20, 260),lt,0
(100, 180),dw,-6.06094445226
(340, 0),rt,0
(140, 60),up,-5.96631666067
(60, 260),lt,-6.68262597186
(160, 380),up,9.75
(120, 300),rt,0
(20, 60),up,0
(280, 240),dw,0
(120, 160),rt,-4.5248721999
(120, 260),up,0
(140, 20),up,0
(240, 80),rt,-4.13219620589
(60, 20),dw,0
(400, 100),lt,0
(140, 260),rt,-1.11322312092
(340, 20),up,0
(100, 340),rt,-9.9875
(260, 300),lt,0
(180, 0),up,0
(60, 400),rt,0
(400, 400),lt,0
(120, 60),lt,-27.9537313795
(0, 220),up,0
(80, 320),up,-6.08764820276
(0, 80),rt,0
(400, 180),rt,0
(40, 320),lt,-9.94999378914
(360, 160),dw,-6.5260894088
(60, 300),rt,-6.31039533675
(180, 220),lt,-2.28421997864
(320, 220),lt,0
(300, 320),dw,-0.229333527487
(400, 380),up,0
(200, 220),rt,-2.54567405755
(260, 80),lt,-4.05377681262
(60, 220),lt,-7.02986344946
(140, 80),up,-5.20828936315
(260, 0),rt,0
(20, 20),lt,0
(300, 100),lt,0
(220, 200),up,-2.71180625745
(180, 140),rt,-3.74618893112
(160, 340),up,43.5617895386
(120, 260),rt,0
(40, 400),up,0
(220, 360),lt,0.781621226304
(20, 360),lt,0
(60, 380),up,-4.55922952531
(340, 380),lt,-0.206663336044
(360, 240),dw,-0.09975625
(60, 40),dw,-75.6304847083
(260, 160),dw,-3.99409736177
(180, 60),rt,-4.57053116846
(240, 200),lt,0
(340, 40),dw,-2.32331077203
(260, 400),up,0
(200, 20),dw,0
(320, 320),lt,-0.251440834147
(220, 340),rt,-0.369426914689
(100, 320),rt,-9.87313620718
(180, 20),up,0
(280, 320),rt,-0.202026732852
(240, 160),lt,-3.69172372187
(40, 180),up,-6.60815822524
(0, 40),dw,0
(340, 260),up,0
(220, 120),dw,-4.04804228843
(80, 300),lt,-6.22892745452
(160, 200),lt,-3.09811756547
(20, 280),up,0
(20, 320),lt,0
(180, 20),lt,0
(0, 260),up,0
(60, 180),lt,-6.82188662301
(20, 140),up,0
(300, 160),lt,-3.69051680141
(40, 220),dw,-13.6080301825
(360, 340),up,-0.1922684375
(60, 100),rt,0
(200, 400),lt,0
(20, 0),dw,0
(160, 40),up,-26.6755751569
(200, 340),lt,0.00524710948356
(100, 160),dw,-5.40882647718
(20, 360),up,0
(320, 360),lt,-0.563014511782
(400, 100),up,0
(300, 60),dw,-4.50438921261
(240, 40),rt,-2.48029826275
(40, 280),lt,-14.4040727269
(240, 220),up,0
(320, 300),dw,0
(260, 20),up,0
(40, 160),up,-7.05254092763
(240, 0),lt,0
(260, 80),up,-4.03400155221
(380, 240),up,0
(300, 40),lt,-5.23919434098
(220, 140),up,-3.87053952677
(260, 160),rt,-3.81491062256
(40, 320),up,-4.56182969747
(260, 340),rt,-0.577760607867
(0, 220),lt,0
(200, 300),up,-1.08389266496
(60, 40),rt,-18.2118471024
(380, 340),lt,0
(40, 300),lt,-9.74841881054
(260, 180),up,-1.89595964413
(220, 180),dw,-3.14625237352
(260, 360),lt,-0.481574203001
(260, 300),up,0
(280, 120),rt,-18.9357485958
(120, 240),dw,0
(240, 20),lt,0
(200, 200),lt,-2.77129074664
(320, 60),lt,-4.17656425759
(240, 140),lt,-3.92375232847
(120, 260),dw,0
(100, 380),rt,-9.8331125827
(240, 260),dw,0
(160, 0),lt,0
(260, 320),up,-5.0
(320, 220),dw,0
(320, 180),up,-6.76883061509
(160, 380),lt,0
(140, 60),lt,-6.7153371558
(280, 260),rt,0
(100, 60),lt,0
(380, 240),dw,0
(320, 320),dw,-0.226898326437
(160, 400),lt,0
(260, 360),rt,-0.51368654764
(80, 0),up,0
(260, 280),dw,0
(60, 140),up,-14.4671459708
(40, 240),rt,-9.905369177
(220, 40),rt,-2.19172288347
(280, 60),dw,-3.99835195814
(240, 400),lt,0
(0, 400),dw,0
(80, 140),dw,-5.56680789857
(160, 280),dw,69.4417951278
(100, 400),up,0
(280, 40),rt,-1.62917068621
(0, 20),up,0
(120, 0),up,0
(300, 20),lt,0
(120, 360),dw,0
(320, 140),lt,-1.74493270433
(120, 320),rt,0
(40, 120),dw,-12.5029200684
(160, 20),rt,0
(40, 180),dw,-6.64716189016
(80, 400),rt,0
(140, 0),dw,0
(380, 40),up,0
(280, 340),up,-0.83363125
(320, 260),dw,0
(80, 340),lt,-6.09014460986
(80, 260),rt,-7.12516439453
(320, 240),dw,0
(220, 160),up,-3.59538339395
(380, 140),rt,0
(160, 240),dw,57.6177778338
(400, 20),up,0
(220, 80),rt,-4.2121582444
(80, 220),dw,-6.64746284466
(300, 0),up,0
(180, 380),up,-0.05
(200, 380),dw,-5.0
(400, 120),rt,0
(320, 180),rt,-2.83200850858
(120, 360),up,0
(200, 80),lt,-4.29920865173
(400, 60),rt,0
(220, 380),rt,-0.104612842969
(160, 320),lt,-0.523294380589
(300, 80),lt,-7.65350567488
(180, 340),up,-0.267194033376
(180, 0),dw,0
(20, 140),rt,0
(80, 160),dw,-6.07717589816
(20, 200),rt,0
(300, 280),lt,0
(100, 0),dw,0
(360, 260),rt,0
(200, 60),dw,-4.33236334693
(380, 380),rt,0
(140, 20),dw,0
(20, 280),rt,0
(360, 280),up,-0.05
(340, 300),rt,0
(140, 380),dw,-5.0
(400, 280),up,0
(300, 260),dw,0
(160, 380),dw,-5.0
(320, 400),rt,0
(120, 240),up,0
(260, 20),rt,0
(200, 100),lt,-4.17347705381
(60, 360),rt,-6.02504215346
(100, 320),up,-4.98609924554
(180, 320),lt,-0.794863153511
(220, 160),lt,-3.58462207541
(240, 340),up,-0.60575
(100, 200),rt,-18.9190351075
(360, 120),lt,0
(340, 240),up,0
(160, 120),lt,-2.94975652178
(60, 140),dw,-10.0014708007
(240, 360),rt,-0.366508501213
(80, 80),lt,0
(260, 120),rt,-4.37472968105
(300, 40),dw,-4.26106185971
(260, 300),rt,0
(400, 220),dw,0
(320, 0),up,0
(300, 220),dw,0
(140, 340),lt,-5.0
(300, 200),up,0
(300, 140),up,-5.0
(220, 140),rt,-3.84811644123
(40, 200),lt,-18.827427446
(300, 20),dw,0
(100, 160),lt,-5.41079513222
(240, 400),up,0
(380, 20),up,0
(20, 300),lt,0
(400, 60),up,0
(160, 300),lt,-0.848473532036
(0, 240),rt,0
(0, 260),dw,0
(400, 160),lt,0
(60, 140),lt,-12.483998411
(60, 400),up,0
(300, 160),dw,-3.70953869386
(340, 380),rt,-0.335
(220, 320),lt,-0.577941289059
(40, 80),rt,-48.9830539905
(80, 0),lt,0
(340, 120),rt,0
(240, 80),up,-4.18072105612
(140, 20),rt,0
(20, 100),lt,0
(380, 20),lt,0
(280, 380),lt,-0.1950661875
(0, 40),up,0
(40, 340),up,-2.38017121829
(20, 160),lt,0
(80, 160),rt,-6.03372490359
(300, 300),lt,0
(0, 100),lt,0
(400, 40),dw,0
(220, 120),lt,-4.06610386453
(360, 360),dw,-0.335
(260, 280),rt,0
(280, 100),lt,-3.97172749025
(240, 160),rt,-3.73377572074
(0, 340),rt,0
(320, 280),rt,0
(140, 200),up,-8.20581764427
(240, 20),up,0
(140, 140),up,-4.26364243134
(20, 220),lt,0
(20, 180),dw,0
(0, 300),dw,0
(40, 400),dw,0
(0, 120),rt,0
(360, 180),lt,-1.69981468487
(160, 240),rt,-1.79200964919
(300, 380),rt,-0.247430365625
(180, 300),rt,-1.24803889038
(380, 140),dw,0
(260, 400),rt,0
(180, 60),up,-5.01670514795
(140, 140),lt,-4.28343635542
(240, 280),rt,0
(20, 40),up,0
(120, 220),rt,0
(200, 340),rt,-0.296932564766
(300, 320),lt,-0.201844229754
(100, 260),rt,-18.9581679108
(240, 140),up,-3.93012728344
(320, 260),lt,0
(200, 100),dw,-4.19743159495
(360, 0),lt,0
(380, 60),up,0
(80, 400),dw,0
(340, 120),up,0
(200, 300),dw,-1.0772029475
(380, 100),lt,0
(0, 100),up,0
(100, 0),lt,0
(120, 20),up,0
(340, 100),dw,0
(160, 280),rt,-1.18611713619
(0, 160),lt,0
(20, 380),dw,0
(260, 320),dw,-0.272874387617
(0, 400),rt,0
(360, 220),rt,-5.0
(80, 20),up,0
(120, 340),rt,0
(60, 320),dw,-6.1128528762
(320, 0),dw,0
(160, 200),up,16.42094137
(280, 80),rt,-3.7669966727
(0, 60),up,0
(80, 160),up,-6.29953967387
(280, 20),rt,0
(160, 40),dw,18.2030117957
(260, 140),dw,-3.96806777796
(80, 20),lt,0
(240, 220),lt,0
(40, 200),up,-6.48990151321
(140, 60),rt,-5.61996953023
(140, 340),up,-0.429251605739
(0, 60),dw,0
(0, 240),up,0
(200, 0),rt,0
(280, 140),rt,-3.85938595261
(340, 380),up,-0.160093329459
(160, 340),lt,-0.570623163036
(0, 20),dw,0
(120, 240),rt,0
(140, 80),lt,-5.53528980137
(240, 320),lt,-0.386429271067
(320, 380),rt,-0.2186665625
(260, 340),dw,-0.546640064841
(300, 220),up,0
(360, 260),up,-0.05
(280, 340),dw,-0.556289511525
(340, 200),rt,0
(360, 400),dw,0
(360, 140),rt,-14.2886385895
(140, 120),dw,-4.52043510959
(100, 220),rt,-14.3434350484
(320, 60),dw,-4.3353445053
(320, 140),rt,-6.52164601063
(280, 60),lt,-4.01603849871
(240, 240),lt,0
(100, 280),rt,-14.7396818293
(240, 40),dw,-2.40239167083
(60, 0),lt,0
(60, 360),up,-6.0349425169
(100, 20),lt,0
(300, 280),dw,0
(320, 80),dw,-9.752375
(80, 340),rt,-6.10828228809
(220, 60),dw,-4.21667189754
(120, 120),lt,-9.87214259626
(280, 220),rt,0
(160, 320),up,45.9863778473
(20, 260),up,0
(400, 200),rt,0
(40, 380),rt,-9.92820200161
(160, 80),rt,-4.33054653299
(60, 260),dw,-6.52381486059
(140, 280),rt,-5.86868645871
(340, 140),lt,-1.81735949183
(280, 280),up,0
(200, 60),up,-4.47041488095
(400, 0),lt,0
(220, 300),dw,-0.697949092463
(200, 160),rt,-3.5718043221
(340, 320),up,-5.0
(240, 140),dw,-3.9732652153
(80, 360),lt,-5.95086970735
(160, 260),up,26.2920842792
(280, 340),rt,-0.548616196475
(20, 260),rt,0
(80, 400),up,0
(320, 80),up,-3.20548228
(100, 120),lt,0
(80, 200),up,-6.63118614067
(0, 20),rt,0
(0, 140),dw,0
(0, 200),lt,0
(240, 380),up,-0.157879422383
(100, 280),up,-6.69766105338
(280, 140),dw,-3.88238750418
(0, 380),lt,0
(340, 380),dw,-5.0
(380, 300),up,0
(340, 320),lt,-0.156398799923
(180, 220),rt,-2.22955318014
(120, 20),rt,0
(60, 160),lt,-6.63861073663
(400, 200),up,0
(180, 140),dw,-3.75164150479
(380, 40),lt,0
(320, 160),up,-3.68252316826
(220, 100),rt,-4.14558462304
(280, 220),up,0
(100, 100),rt,0
(180, 380),dw,-9.75
(220, 300),rt,-5.0
(380, 60),dw,0
(60, 300),dw,-6.30058692602
(280, 380),dw,-9.752375
(0, 80),dw,0
(400, 260),up,0
(60, 260),rt,-6.52221533936
(80, 300),dw,-6.22064722472
(120, 400),up,0
(240, 80),dw,-4.16093135897
(260, 220),rt,0
(240, 220),dw,0
(180, 160),rt,-3.67674238154
(380, 220),rt,0
(40, 200),rt,-11.0705842256
(140, 240),up,-1.57969288023
(400, 300),rt,0
(340, 60),lt,-3.99819550233
(40, 320),rt,-4.51742191798
(400, 160),rt,0
(380, 120),rt,0
(140, 400),lt,0
(160, 200),rt,-2.44705562254
(40, 360),lt,-10.2495335176
(280, 260),up,0
(260, 60),lt,-4.03339014833
(380, 180),dw,0
(300, 280),up,0
(180, 360),dw,-0.05
(60, 120),dw,0
(0, 180),lt,0
(120, 380),dw,0
(100, 380),lt,-6.96769127179
(300, 40),up,-5.0
(40, 160),lt,-14.6454640824
(200, 400),rt,0
(120, 40),rt,-8.84123701215
(280, 0),dw,0
(280, 100),rt,-9.76592831509
(240, 200),rt,0
(280, 20),up,0
(400, 380),lt,0
(140, 100),up,-5.08284695626
(280, 80),up,-3.74597376747
(400, 260),dw,0
(80, 100),up,0
(220, 280),lt,-0.600982391096
(120, 60),dw,-14.4418592458
(340, 180),rt,-3.84725402468
(120, 280),up,0
(240, 0),rt,0
(400, 40),lt,0
(80, 20),dw,0
(320, 120),rt,0
(200, 180),up,-3.18604956651
(100, 180),up,-5.94156297103
(120, 200),lt,0
(220, 20),dw,0
(260, 140),rt,-3.99167556193
(360, 400),lt,0
(160, 260),dw,63.9127003713
(100, 300),lt,-7.18195466191
(60, 200),up,-6.88768241297
(140, 220),dw,-2.99896935048
(360, 340),rt,-5.0
(340, 120),dw,0
(60, 20),up,0
(160, 180),lt,-3.21066072517
(340, 340),rt,-0.64861875
(280, 40),lt,-1.44715397968
(0, 260),rt,0
(240, 160),up,-3.72394149285
(280, 400),lt,0
(340, 200),dw,0
(60, 60),up,0
(380, 400),up,0
(360, 80),lt,-0.664392075306
(320, 380),dw,-5.0
(240, 60),rt,-4.10674067059
(380, 100),dw,0
(380, 280),dw,0
(240, 200),up,0
(80, 240),dw,-6.60926198246
(80, 60),dw,0
(60, 200),rt,-6.88692687764
(180, 200),rt,-2.79153799029
(260, 240),lt,0
(20, 240),dw,0
(100, 260),dw,-6.71450517594
(300, 40),rt,-5.78754957315
(260, 120),dw,-4.17348544426
(120, 180),lt,-4.97534132726
(0, 340),up,0
(100, 140),lt,-5.17047605582
(180, 300),dw,-1.25247644891
(340, 400),dw,0
(80, 120),lt,0
(300, 340),up,-0.60575
(100, 300),dw,-7.30243114347
(360, 380),dw,-5.0
(40, 400),rt,0
(80, 320),lt,-6.11017531898
(80, 140),lt,-7.57022003782
(60, 360),dw,-6.27904320193
(160, 0),rt,0
(320, 280),dw,0
(160, 380),rt,0
(140, 120),up,-4.55142471636
(60, 300),up,-6.32868786774
(360, 260),dw,-0.05
(220, 20),rt,0
(20, 200),dw,0
(360, 380),up,-0.099875
(380, 360),rt,0
(180, 0),rt,0
(300, 140),rt,-4.86536884684
(180, 320),up,-0.826881886111
(360, 160),up,-2.00001601214
(160, 160),up,5.45872500317
(120, 160),up,-4.71545077498
(340, 20),dw,0
(280, 180),rt,-6.44573498541
(160, 100),lt,-4.37991856605
(240, 360),up,-0.441122875569
(380, 180),lt,0
(220, 200),dw,-2.71105095729
(380, 260),rt,0
(80, 220),rt,-6.93601426079
(240, 260),lt,0
(0, 240),dw,0
(340, 160),lt,-3.84674098962
(220, 220),dw,-2.57541223195
(300, 20),rt,0
(340, 60),dw,-3.98281125114
(300, 80),rt,-4.21876224258
(400, 140),dw,0
(340, 0),lt,0
(0, 220),dw,0
(240, 360),lt,-0.352155979692
(120, 160),lt,-4.67612670688
(220, 300),up,-0.877881161323
(20, 180),rt,0
(340, 80),up,-1.73231232526
(220, 180),up,-3.19050071136
(80, 40),lt,-36.0757284502
(180, 40),up,-14.4580654303
(140, 360),rt,44.0496014588
(180, 200),dw,-2.77948364597
(0, 140),up,0
(60, 200),dw,-6.87472378945
(400, 60),dw,0
(280, 0),up,0
(320, 0),rt,0
(380, 280),rt,0
(40, 60),dw,-33.7843234794
(200, 40),lt,-2.17716348901
(240, 60),dw,-4.09483315106
(280, 160),up,-3.71053067291
(140, 180),lt,-3.55085121396
(220, 160),rt,-3.57731408517
(320, 180),dw,-5.0
(180, 180),up,-3.2717377047
(220, 240),rt,-9.9875
(120, 360),rt,0
(140, 40),up,-42.9089231827
(180, 80),dw,-4.39540944546
(400, 360),dw,0
(300, 0),rt,0
(360, 340),dw,-0.16079375
(160, 320),rt,-0.612953223753
(220, 80),up,-4.20409208182
(60, 100),lt,0
(100, 140),up,-9.7547440625
(140, 240),dw,-1.49355329761
(20, 140),dw,0
(40, 100),lt,-57.6854347383
(0, 200),dw,0
(0, 340),lt,0
(180, 180),rt,-3.24227338223
(260, 380),lt,-0.154019359375
(280, 280),rt,0
(120, 400),dw,0
(340, 360),lt,-0.510199580729
(200, 240),rt,-1.98563445696
(220, 340),lt,-0.360500023461
(280, 260),dw,0
(140, 160),up,-3.9470841198
(160, 300),rt,5.91281782866
(60, 80),lt,0
(200, 260),dw,-1.43411617177
(0, 120),lt,0
(40, 380),up,-8.18785131049
(320, 220),rt,0
(60, 140),rt,-12.0375462267
(340, 200),up,0
(260, 160),lt,-3.77557433979
(220, 260),rt,-5.28678125
(80, 280),dw,-6.38217895454
(60, 220),rt,-6.77507220427
(220, 320),rt,-0.592122707104
(400, 340),up,0
(340, 80),rt,-1.76947741227
(220, 400),rt,0
(20, 120),up,0
(360, 200),rt,-5.0
(40, 20),up,0
(180, 360),rt,0
(380, 300),dw,0
(120, 120),dw,-5.97757023509
(380, 120),dw,0
(20, 80),rt,0
(380, 260),up,0
(120, 320),dw,0
(380, 360),dw,0
(20, 220),rt,0
(80, 200),dw,-6.65807510552
(360, 240),rt,0
(40, 160),rt,-6.66862824283
(60, 320),up,-6.15437954104
(120, 340),lt,0
(180, 160),dw,-3.64968998879
(360, 180),rt,-9.77303584976
(200, 240),up,-1.83319828316
(80, 320),dw,-6.07600340111
(80, 380),lt,-4.86610363223
(80, 300),rt,-6.85589200662
(200, 360),lt,9.7289525744
(280, 20),lt,0
(40, 240),dw,-9.01870512569
(0, 280),rt,0
(240, 320),dw,-0.371555314787
(300, 240),lt,0
(100, 380),up,-6.69184551221
(140, 380),up,-0.05
(320, 320),rt,-0.38238125
(400, 140),up,0
(220, 120),rt,-4.07681709486
(400, 340),lt,0
(180, 40),dw,-4.79131291604
(0, 0),dw,0
(40, 20),lt,0
(40, 140),up,-14.4391473491
(160, 20),lt,0
(100, 320),dw,-5.01173421663
(200, 0),lt,0
(320, 120),lt,0
(200, 20),rt,0
(400, 240),lt,0
(340, 40),rt,-2.19936725193
(400, 180),lt,0
(320, 260),rt,0
(340, 360),up,-0.542061201276
(0, 320),dw,0
(300, 180),up,-2.24499116327
(60, 280),dw,-6.45060437594
(220, 180),rt,-3.2282330897
(300, 380),up,-0.225155350927
(400, 20),dw,0
(40, 40),lt,-75.9323500494
(40, 300),rt,-5.02855785567
(60, 100),up,0
(140, 220),lt,-14.5283677752
(220, 80),lt,-4.22492086887
(200, 360),dw,-0.335
(260, 0),dw,0
(20, 40),lt,0
(200, 220),dw,-2.31851863233
(140, 40),lt,-20.4338159148
(220, 380),lt,-0.1496253125
(80, 220),up,-6.62237857333
(0, 0),rt,0
(120, 320),lt,0
(240, 120),dw,-4.12729233591
(280, 220),lt,0
(60, 400),dw,0
(160, 240),up,28.0571993265
(80, 20),rt,0
(360, 320),lt,-0.109644773462
(40, 380),dw,-9.9875
(120, 100),dw,-11.374305591
(280, 0),lt,0
(340, 300),lt,0
(240, 320),rt,-0.386191311068
(80, 260),dw,-6.58538828779
(120, 300),dw,0
(80, 120),rt,0
(40, 0),rt,0
(340, 220),lt,0
(300, 360),rt,-0.620716876002
(380, 140),lt,0
(0, 200),up,0
(380, 200),up,0
(360, 20),dw,0
(80, 280),lt,-6.37551057609
(140, 120),rt,-4.51166643482
(100, 200),lt,-9.68526501333
(100, 340),up,-10.0476811915
(60, 380),rt,-5.17322023906
(20, 220),dw,0
(80, 180),rt,-6.47949812485
(360, 20),lt,0
(20, 340),lt,0
(0, 40),rt,0
(340, 160),up,-3.83154874105
(200, 140),rt,-3.79413724981
(220, 340),dw,-0.375494650273
(400, 60),lt,0
(120, 120),rt,-9.56207974963
(120, 300),lt,0
(240, 380),rt,-0.154351310861
(200, 320),lt,-0.73051638994
(60, 60),dw,0
(20, 200),lt,0
(320, 120),dw,0
(0, 360),lt,0
(80, 0),dw,0
(400, 180),up,0
(340, 240),dw,0
(400, 0),rt,0
(180, 200),up,-2.82879175204
(0, 80),lt,0
(220, 260),dw,-0.631900074572
(60, 300),lt,-6.37364426614
(340, 160),rt,-3.84903090627
(400, 300),up,0
(60, 360),lt,-6.06621278735
(360, 60),up,-1.98377388628
(200, 220),lt,-2.34175414012
(300, 400),dw,0
(240, 60),up,-4.31973445882
(360, 100),lt,0
(0, 0),up,0
(200, 120),rt,-3.9691491454
(240, 100),lt,-4.16981274019
(120, 400),rt,0
(360, 220),dw,-0.0999878125
(0, 360),dw,0
(380, 80),lt,0
(360, 100),up,0
(240, 320),up,-5.0
(60, 20),rt,0
(380, 220),lt,0
(300, 360),lt,-0.585565459212
(260, 240),dw,0
(120, 160),dw,-4.883947154
(180, 120),dw,-3.73888890458
(400, 360),rt,0
(120, 180),up,-4.97107955801
(100, 180),rt,-6.07214508756
(40, 300),up,-5.07958777165
(60, 240),rt,-6.55440032283
(140, 320),lt,-5.0
(20, 200),up,0
(200, 100),rt,-4.17479418508
(400, 340),dw,0
(0, 240),lt,0
(380, 380),dw,0
(120, 220),dw,0
(280, 360),lt,-0.545494357386
(160, 160),dw,42.7892521072
(40, 140),rt,-14.7016643466
(260, 140),up,-4.00999875364
(140, 160),dw,-3.91461010983
(120, 40),lt,-17.7092105971
(340, 220),dw,0
(40, 0),dw,0
(20, 340),up,0
(380, 60),rt,0
(80, 160),lt,-6.0836800185
(80, 80),rt,0
(340, 360),rt,-0.60575
(340, 180),lt,-5.20796734738
(400, 180),dw,0
(260, 280),lt,0
(0, 280),up,0
(40, 260),lt,-14.3695774164
(100, 240),dw,-6.37462916508
(240, 120),lt,-4.11620988754
(200, 80),dw,-4.26025182774
(100, 360),dw,-8.80169809333
(100, 240),lt,-6.16287675068
(40, 360),rt,-5.52996255042
(180, 400),rt,0
(320, 100),lt,0
(200, 280),dw,-1.29277423018
(360, 300),rt,-5.0
(400, 380),dw,0
(20, 300),rt,0
(220, 280),up,-4.68756272638
(240, 180),rt,-2.32328060107
(240, 300),up,0
(280, 80),lt,-3.75522618581
(20, 40),dw,0
(360, 0),up,0
(160, 240),lt,-1.51037366409
(300, 340),dw,-0.562941746781
(260, 340),lt,-0.584112529502
(100, 140),dw,-5.03994254956
(40, 60),up,-46.5112937704
(400, 140),rt,0
(120, 0),rt,0
(260, 360),up,-0.484368150125
(100, 400),rt,0
(20, 380),up,0
(20, 180),up,0
(140, 400),dw,0
(220, 400),up,0
(40, 240),up,-8.94834251156
(280, 200),lt,0
(280, 260),lt,0
(220, 260),up,-0.613218753761
(360, 80),dw,-9.77684475737
(180, 280),lt,-1.47763749961
(300, 180),lt,-5.15699999871
(320, 400),dw,0
(100, 300),rt,-22.9200182549
(140, 240),lt,-5.0
(140, 160),rt,-3.44554238396
(400, 240),up,0
(320, 80),rt,-5.72678816565
(300, 240),rt,0
(320, 40),up,-5.0
(200, 0),up,0
(20, 160),up,0
(40, 240),lt,-9.9875
(360, 140),lt,-0.609984952121
(400, 340),rt,0
(220, 320),up,-1.02028673671
(300, 400),lt,0
(360, 400),rt,0
(20, 380),lt,0
(0, 300),up,0
(400, 260),rt,0
(340, 100),lt,0
(60, 240),dw,-6.55172586293
(320, 20),lt,0
(320, 340),rt,-0.517717680652
(220, 280),rt,-5.0
(40, 60),lt,-59.4989026588
(220, 60),up,-4.62246268354
(160, 300),up,24.6002982952
(20, 300),up,0
(260, 240),rt,0
(20, 280),dw,0
(400, 40),rt,0
(100, 80),lt,0
(400, 200),lt,0
(0, 60),rt,0
(280, 140),lt,-3.8995753258
(300, 200),lt,0
(300, 260),up,0
(380, 300),lt,0
(260, 200),up,0
(400, 220),rt,0
(200, 200),dw,-2.78765537324
(120, 140),rt,-4.9585199008
(100, 140),rt,-5.04650621322
(320, 100),up,0
(120, 100),up,-10.0612855209
(80, 80),up,0
(320, 40),dw,-5.29531773076
(320, 320),up,-5.0
(380, 260),lt,0
(140, 360),up,-0.0549693639061
(200, 160),lt,-3.51284916761
(100, 120),up,0
(40, 0),up,0
(200, 280),rt,-1.42911068349
(400, 80),lt,0
(40, 360),dw,-5.68184634868
(360, 40),rt,-5.0
(160, 100),dw,30.0653824618
(360, 320),dw,-0.105137703125
(100, 40),lt,-31.5352695209
(20, 180),lt,0
(280, 0),rt,0
(320, 300),lt,0
(360, 280),lt,0
(60, 280),up,-6.48065378899
(40, 0),lt,0
(40, 380),lt,-9.74084722521
(340, 260),rt,0
(280, 360),dw,-0.60575
(100, 80),dw,0
(20, 100),dw,0
(40, 180),rt,-6.61191188406
(220, 100),lt,-4.14053436886
(380, 180),rt,0
(180, 340),lt,-0.112808140927
(280, 140),up,-3.88472961654
(320, 400),lt,0
(160, 200),dw,51.0948434208
(360, 20),rt,0
(220, 240),lt,-10.0675325888
(120, 360),lt,0
(180, 240),up,-1.66358942617
(320, 160),dw,-3.6654682833
(280, 60),rt,-4.00434850165
(160, 220),lt,-3.29597405404
(180, 300),up,-1.26439868762
(300, 0),lt,0
(200, 40),dw,-2.12591142473
(260, 260),lt,0
(300, 400),up,0
(400, 20),lt,0
(260, 220),dw,0
(300, 220),lt,0
(260, 220),lt,0
(180, 180),lt,-3.2204509191
(80, 180),up,-6.50286428193
(260, 120),lt,-4.15975490447
(0, 360),rt,0
(400, 300),lt,0
(340, 320),dw,-0.213000111606
(380, 200),rt,0
(80, 100),dw,0
(360, 220),lt,-5.0
(180, 240),rt,-1.67241986416
(200, 120),dw,-3.92895802624
(340, 140),rt,-1.97750591853
(360, 360),rt,-5.0
(300, 100),dw,0
(180, 40),lt,-4.96963747845
(220, 100),dw,-4.16736494965
(240, 260),rt,0
(100, 220),up,-4.75440016644
(260, 100),rt,-4.21039289454
(400, 0),dw,0
(20, 60),rt,0
(80, 360),up,-5.97166619509
(60, 280),rt,-6.45139994748
(160, 60),lt,-4.2617746494
(60, 60),rt,0
(400, 320),rt,0
(20, 400),up,0
(320, 240),up,0
(60, 320),lt,-6.26254908662
(260, 280),up,0
(20, 80),lt,0
(100, 200),up,-8.00119710344
(340, 280),dw,0
(80, 40),rt,-13.4248815017
(180, 160),lt,-3.68440636512
(380, 180),up,0
(220, 220),up,-2.37049882442
(0, 380),rt,0
(320, 100),dw,0
(400, 80),dw,0
(380, 100),up,0
(200, 280),up,-1.32853353302
(20, 0),rt,0
(100, 20),dw,0
(60, 380),dw,-14.6054309499
(240, 340),lt,-0.519031649042
(100, 240),up,-8.57556651909
(40, 220),rt,-10.4355436761
(340, 180),up,-3.72982055537
(200, 20),up,0
(320, 20),up,0
(160, 80),dw,26.6904457326
(200, 200),up,-2.81072764162
(400, 200),dw,0
(380, 60),lt,0
(320, 240),lt,0
(380, 160),up,0
(120, 40),up,-39.8336511278
(340, 400),rt,0
(300, 380),dw,-9.75761711698
(180, 120),up,-3.7753735442
(220, 60),rt,-4.2065914665
(40, 40),dw,-44.5739625753
(40, 100),rt,-53.8103941998
(240, 120),rt,-4.12072661916
(260, 20),dw,0
(80, 240),up,-6.63055740615
(140, 220),up,-5.52205992255
(320, 100),rt,0
(20, 80),dw,0
(400, 100),dw,0
(60, 80),rt,0
(160, 140),rt,-3.77857629552
(200, 360),rt,-0.104954430012
(0, 400),lt,0
(260, 240),up,0
(40, 20),dw,0
(260, 60),rt,-3.99523430968
(160, 40),lt,-9.30037666855
(220, 400),dw,0
(280, 300),rt,0
(340, 80),dw,-5.0
(320, 400),up,0
(400, 240),dw,0
(0, 180),rt,0
(260, 220),up,0
(0, 320),rt,0
(160, 20),up,0
(20, 100),up,0
(400, 160),dw,0
(0, 260),lt,0
(260, 260),up,0
(340, 400),up,0
(280, 40),up,-9.79444832068
(240, 100),up,-4.14987036267
(0, 0),lt,0
(160, 400),dw,0
(240, 60),lt,-4.12703350607
(180, 240),dw,-1.57439743059
(180, 360),up,-0.107044611627
(100, 160),up,-5.62434353123
(140, 240),rt,-1.53382637708
(300, 140),lt,-3.73659949476
(180, 200),lt,-2.77179105797
(400, 280),rt,0
(20, 160),rt,0
(300, 0),dw,0
(300, 340),lt,-0.558395523554
(160, 220),dw,54.8344966089
(40, 40),rt,-22.3520847078
(0, 280),dw,0
(100, 120),dw,0
(280, 180),lt,-1.63771930878
(340, 0),dw,0
(360, 300),up,-0.05
(20, 40),rt,0
(20, 380),rt,0
(380, 0),rt,0
(220, 160),dw,-3.58780356253
(340, 100),rt,0
(380, 80),up,0
(160, 180),rt,-2.80160854007
(40, 400),lt,0
(100, 40),up,-57.8000271279
(260, 200),dw,0
(80, 200),rt,-7.07235338302
(40, 60),rt,-51.5936291525
(320, 340),lt,-0.547992160035
(140, 200),dw,-4.58979221695
(400, 80),up,0
(300, 60),lt,-4.31290010187
(0, 180),up,0
(100, 80),rt,0
(80, 280),up,-6.40547099272
(140, 360),dw,-0.099875
(120, 80),dw,-16.7239430326
(200, 160),up,-3.52700848012
(380, 300),rt,0
(140, 360),lt,-5.0
(260, 60),up,-4.02899154399
(240, 280),dw,0
(260, 160),up,-3.77901749765
(120, 100),lt,-18.9181368039
(20, 400),dw,0
(300, 80),dw,-9.91918178148
(280, 160),rt,-3.72630005346
(380, 220),dw,0
(260, 200),lt,0
(240, 0),dw,0
(220, 0),rt,0
(0, 120),dw,0
(80, 280),rt,-6.66325059772
(80, 60),up,0
(120, 20),dw,0
(200, 120),lt,-3.94455881654
(80, 220),lt,-6.63698306324
(280, 180),dw,-18.6465693733
(140, 40),rt,-7.26400196743
(400, 360),up,0
(180, 380),lt,-0.05
(260, 380),dw,-5.0
(260, 40),up,-5.0
(340, 100),up,0
(240, 160),dw,-4.8013081402
(300, 200),dw,0
(180, 180),dw,-3.21966143197
(360, 140),up,-5.0
(360, 320),rt,-5.0
(300, 120),up,0
(40, 40),up,-73.6518260874
(400, 360),lt,0
(360, 380),lt,-0.102362179973
(60, 240),lt,-6.72391341334
(320, 160),lt,-3.67120103618
(200, 40),up,-14.3763529839
(340, 180),dw,-5.0
(80, 340),up,-6.09499083436
(160, 360),rt,0
(40, 160),dw,-6.64642232288
(140, 180),dw,-3.59031488958
(180, 260),lt,-1.05668930074
(180, 280),up,-1.49035140796
(180, 100),up,-4.31270209974
(220, 260),lt,-0.660340974262
(0, 380),up,0
(180, 340),dw,-0.235030015625
(80, 40),up,-60.9857529092
(320, 140),up,-4.87235302737
(340, 80),lt,-1.71292378841
(280, 200),up,0
(220, 300),lt,-0.687770527725
(220, 140),dw,-3.86561727697
(220, 400),lt,0
(220, 20),up,0
(200, 320),dw,-0.710661337996
(300, 240),dw,0
(300, 220),rt,0
(360, 280),dw,-0.05
(140, 380),lt,-5.0
(380, 360),up,0
(120, 80),lt,-24.0394206459
(240, 360),dw,-0.60575
(20, 240),rt,0
(160, 260),lt,-1.32899253294
(80, 380),dw,-14.4687761247
(200, 140),up,-3.77872237921
(260, 340),up,-0.60575
(200, 320),rt,-0.70056583789
(80, 120),dw,0
(260, 80),rt,-4.00858514402
(360, 300),lt,-5.0
(20, 120),dw,0
(220, 220),rt,-14.342548621
(360, 180),up,-1.68292288941
(260, 360),dw,-0.60575
(380, 260),dw,0
(140, 180),rt,-3.50779464484
(240, 120),up,-4.1198348169
(340, 20),rt,0
(40, 260),up,-8.81290035404
(20, 360),rt,0
(120, 120),up,-9.24530276511
(0, 280),lt,0
(340, 300),dw,0
(400, 140),lt,0
(100, 20),up,0
(240, 400),dw,0
(300, 140),dw,-6.05987093137
(380, 80),rt,0
(320, 20),dw,0
(280, 60),up,-4.02275313141
(20, 120),lt,0
(360, 300),dw,-0.102494040898
(180, 400),dw,0
(220, 380),dw,-5.0
(320, 60),rt,-4.17423316242
(100, 360),rt,-14.5122553456
(380, 360),lt,0
(260, 380),rt,-0.20149623207
(360, 360),up,-0.201276797656
(100, 240),rt,-9.9875
(340, 280),lt,0
(240, 340),rt,-0.517061428187
(340, 360),dw,-0.60575
(140, 320),rt,-0.796932815458
(40, 280),up,-6.06317143907
(20, 320),rt,0
(320, 200),up,0
(160, 60),dw,24.2497927683
(0, 100),dw,0
(260, 140),lt,-4.00432810075
(120, 380),rt,0
(280, 160),dw,-4.37618328746
(40, 140),dw,-7.66056615008
(400, 320),up,0
(360, 340),lt,-0.214057781422
(320, 240),rt,0
(80, 120),up,0
(300, 180),dw,-5.0
(340, 400),lt,0
(360, 200),dw,-5.0996253125
(180, 80),up,-4.39875306881
(140, 100),rt,-4.43060669252
(320, 200),rt,0
(320, 340),up,-0.675780474162
(40, 120),rt,-33.7068239097
(180, 120),lt,-3.57538764786
(340, 280),up,0
(400, 300),dw,0
(40, 260),rt,-9.75007943242
(60, 160),dw,-6.57302863814
(280, 40),dw,-1.55030565556
(0, 60),lt,0
(140, 180),up,-3.55546452069
(260, 40),dw,-1.94945415563
(380, 320),lt,0
(60, 200),lt,-6.95672761318
(340, 40),lt,-2.21023688101
(120, 200),up,0
(100, 0),up,0
(0, 140),lt,0
(360, 200),up,-0.644241115033
(220, 360),dw,-0.335
(40, 80),up,-39.5662736953
(200, 280),lt,-1.3445972056
(300, 400),rt,0
(60, 380),lt,-4.78651869949
(120, 300),up,0
(140, 300),up,-0.986269761945
(180, 160),up,-3.65449648221
(340, 160),dw,-3.90587463461
(200, 140),lt,-3.77342810394
(20, 80),up,0
(220, 200),lt,-5.38852950204
(160, 400),rt,0
(40, 300),dw,-8.65223166346
(340, 240),rt,0
(120, 80),up,-19.760322063
(80, 360),rt,-5.98290083406
(360, 20),up,0
(380, 400),rt,0
(280, 200),rt,0
(380, 120),up,0
(380, 160),rt,0
(220, 20),lt,0
(120, 40),dw,-16.1743171434
(180, 280),rt,-1.48470156708
(400, 240),rt,0
(200, 400),dw,0
(100, 40),dw,-58.7882924039
(100, 100),dw,0
(160, 160),lt,-3.54245529575
(0, 160),dw,0
(180, 0),lt,0
(340, 220),up,0
(240, 300),rt,0
(260, 60),dw,-4.00812396094
(140, 200),lt,-14.5071043278
(340, 300),up,0
(180, 100),lt,-4.30583887113
(400, 400),up,0
(200, 140),dw,-3.75666881172
(60, 180),dw,-6.84105318381
(360, 320),up,-0.099875
(360, 200),lt,-5.0
(140, 120),lt,-4.63333545523
(120, 400),lt,0
(360, 400),up,0
(300, 300),up,0
(300, 60),rt,-4.32020646144
(140, 280),dw,-0.941597624747
(0, 40),lt,0
(300, 120),rt,0
(160, 360),up,0
(40, 200),dw,-6.73954094647
(320, 120),up,0
(140, 80),dw,-5.45560799941
(320, 360),rt,-0.585557965891
(60, 100),dw,0
(380, 240),rt,0
(120, 100),rt,-5.55164640862
(260, 40),lt,-1.95357222948
(280, 220),dw,0
(160, 220),up,20.6977767678
(240, 380),lt,-0.1496253125
(260, 260),dw,0
(80, 340),dw,-6.06008391718
(220, 240),up,-6.18820227043
(80, 60),lt,0
(380, 320),dw,0
(100, 280),dw,-10.45376899
(260, 0),lt,0
(320, 140),dw,-1.87311151071
(320, 300),rt,0
(40, 340),rt,-2.24657108017
(360, 140),dw,-0.835492598981
(380, 340),rt,0
(180, 380),rt,-0.0524931710938
(400, 80),rt,0
(160, 0),up,0
(40, 140),lt,-31.3131736972
(360, 80),up,-0.629667471439
(20, 340),rt,0
(180, 220),dw,-2.19165586833
(400, 20),rt,0
(60, 60),lt,0
(220, 0),up,0
(300, 260),lt,0
(100, 40),rt,-10.2914939864
(360, 120),up,0
(160, 180),up,18.5674718214
(300, 60),up,-4.2998102607
(180, 60),dw,-4.56270980718
(380, 160),dw,0
(60, 20),lt,0
(100, 320),lt,-5.00509199518
(20, 60),dw,0
(260, 100),dw,-4.18299569247
(280, 280),lt,0
(180, 400),lt,0
(200, 240),lt,-1.81969730478
(20, 260),dw,0
(180, 320),rt,-0.837786916648
(280, 180),up,-1.74868114939
(180, 40),rt,-5.55288263183
(200, 180),lt,-3.12824425855
(300, 100),rt,0
(200, 160),dw,-3.50030749447
(340, 140),dw,-1.94514753428
(220, 360),rt,-0.21136696542
(360, 160),rt,-14.3795830588
(280, 20),dw,0
(360, 100),rt,0
(240, 100),rt,-4.13067192405
(200, 80),up,-4.29465215356
(260, 260),rt,0
(140, 260),dw,-1.08875263768
(60, 320),rt,-6.13548860893
(220, 60),lt,-4.20831732963
(60, 0),up,0
(260, 320),rt,-0.249088074064
(180, 360),lt,43.4373271112
(20, 340),dw,0
(320, 40),lt,-4.49336485444
(280, 240),rt,0
(320, 340),dw,-0.515127594354
(40, 260),dw,-8.81496221428
(380, 380),up,0
(240, 240),dw,0
(200, 300),rt,-1.29316518784
(20, 0),up,0
(40, 360),up,-5.88364470576
(320, 380),up,-0.275507409776
(200, 340),dw,-0.273645734375
(360, 240),lt,0
(140, 160),lt,-3.92578367095
(0, 400),up,0
(60, 180),rt,-6.8251206311
(20, 100),rt,0
(60, 120),lt,0
(260, 400),dw,0
(280, 360),rt,-0.592978168416
(140, 300),rt,-0.979843246419
(0, 320),lt,0
(400, 220),up,0
(0, 100),rt,0
(280, 120),up,-4.08057399327
(160, 60),rt,-4.63417038377
(220, 320),dw,-0.553704770208
(60, 40),up,-56.1707376997
(400, 260),lt,0
(80, 240),lt,-6.64170011629
(100, 400),lt,0
(200, 0),dw,0
(200, 260),rt,-1.54762430499
(280, 200),dw,0
(160, 300),dw,77.6993023908
(80, 100),lt,0
(360, 40),dw,-0.765147473466
(280, 400),dw,0
(140, 60),dw,-5.66063803215
(380, 80),dw,0
(200, 20),lt,0
(60, 160),up,-6.73292801932
(160, 40),rt,-5.95305376071
(0, 160),up,0
(180, 20),rt,0
(240, 20),rt,0
(200, 200),rt,-2.94754026189
(280, 80),dw,-3.72948214876
(180, 80),rt,-4.38736543688
(20, 360),dw,0
(220, 180),lt,-3.14235409287
(300, 160),rt,-3.67681134412
(220, 240),dw,-10.5431042687
(40, 220),up,-7.50798663021
(20, 160),dw,0
(340, 340),up,-0.60575
(260, 80),dw,-4.03972272207
(120, 380),up,0
(60, 340),dw,-6.07750707114
(360, 0),dw,0
(60, 340),lt,-6.18039226425
(20, 400),lt,0
(40, 280),rt,-5.99029754763
(320, 200),dw,0
(380, 220),up,0
(280, 320),up,-9.752375
(140, 100),dw,-4.87495286468
(160, 100),up,2.01761172769
(320, 280),up,0
(80, 260),up,-6.59169731171
(280, 360),up,-0.55829608815
(300, 180),rt,-2.21344508187
(100, 360),up,-9.95797050769
(0, 220),rt,0
(380, 380),lt,0
(120, 140),lt,-5.0660664998
(240, 220),rt,0
(100, 200),dw,-9.50767537945
(380, 280),up,0
(380, 340),up,0
(200, 380),lt,-5.0996253125
(60, 0),dw,0
(280, 100),up,-5.3254569177
(60, 340),up,-6.07789852413
(220, 200),rt,-9.80950959722
(320, 180),lt,-2.84458225237
(200, 400),up,0
(380, 20),rt,0
(360, 240),up,-0.052375
(220, 120),up,-4.03473144913
(260, 120),up,-4.18457853012
(260, 100),lt,-4.15597874148
(80, 180),lt,-6.51267121728
(240, 240),up,0
(280, 380),up,-0.162943553523
(240, 80),lt,-4.13914337605
(80, 140),up,-14.3040659562
(60, 180),up,-6.84014535209
(300, 320),up,-5.0
(360, 260),lt,0
(60, 400),lt,0
(380, 40),dw,0
(320, 300),up,0
(80, 300),up,-6.24007519009
(140, 260),up,-1.12718776218
(300, 200),rt,0
(180, 100),rt,-4.30432065436
(320, 260),up,0
(180, 240),lt,-1.5904361934
(300, 340),rt,-0.540457572773
(340, 260),lt,0
(40, 80),dw,-27.9213798528
(20, 240),up,0
(140, 40),dw,-18.2771774051
(20, 300),dw,0
(220, 100),up,-4.13576467196
(180, 140),lt,-3.76301127954
(60, 0),rt,0
(300, 320),rt,-0.223055250781
(220, 0),dw,0
(200, 80),rt,-4.28112652192
(60, 280),lt,-6.48691886477
(40, 340),dw,-2.42133074707
(340, 340),dw,-0.548136907189
(400, 40),up,0
(280, 400),up,0
(220, 360),up,-0.204245419051
(240, 300),dw,0
(300, 280),rt,0
(260, 300),dw,0
(160, 120),dw,34.4112680474
(60, 220),up,-6.77769080736
(140, 260),lt,-9.76616656271
(360, 120),dw,0
(140, 0),rt,0
(360, 280),rt,0
(360, 180),dw,-1.65828195828
(80, 60),rt,0
(300, 360),up,-0.587054808239
(380, 200),lt,0
(180, 220),up,-2.2079519679
(320, 360),dw,-0.60575
(220, 220),lt,-2.37743325099
(180, 260),rt,-1.26852881245
(260, 200),rt,0
(100, 180),lt,-5.92801682403
(320, 80),lt,-3.18374461603
(380, 140),up,0
(180, 340),rt,-0.259680686207
(120, 280),dw,0
(360, 40),up,-9.75538709375
(120, 280),lt,0
(220, 40),dw,-2.30077882329
(160, 360),dw,0
(340, 120),lt,0
(100, 120),rt,0
(300, 260),rt,0
(200, 380),up,-0.147487204722
(160, 220),rt,-2.24230570133
(240, 20),dw,0
(140, 380),rt,-0.05
(20, 60),lt,0
(100, 80),up,0
(160, 60),up,2.01340405552
(120, 320),up,0
(160, 260),rt,-0.930963493672
(320, 360),up,-0.542214619545
(100, 360),lt,-8.52490341767
(380, 340),dw,0
(0, 300),lt,0
(240, 40),lt,-2.32332764958
(140, 280),up,-0.97545337616
(120, 60),rt,-10.368498519
(280, 320),lt,-0.204217835129
(400, 120),dw,0
(20, 220),up,0
(280, 100),dw,-4.0056503495
(140, 0),up,0
(0, 180),dw,0
(180, 300),lt,-1.24602577341
(80, 0),rt,0
(240, 180),lt,-2.39772377918
(280, 300),dw,0
(240, 340),dw,-0.509619781184
(40, 20),rt,0
(120, 220),lt,0
(160, 140),dw,37.2669720121
(120, 0),lt,0
(60, 80),dw,0
(120, 80),rt,-10.9194751985
(140, 340),rt,-0.40904657163
(240, 0),up,0
(40, 100),dw,-20.7213324767
(380, 400),dw,0
(100, 160),rt,-5.34354339662
(120, 140),up,-5.01680722036
(400, 320),dw,0
(200, 360),up,-0.0524934382916
(20, 20),up,0
(240, 100),dw,-4.16804624373
(120, 340),up,0
(60, 40),lt,-33.8977764501
(360, 100),dw,0
(80, 360),dw,-6.16115922781
(280, 380),rt,-0.20163368
(320, 380),lt,-0.255815214749
(0, 320),up,0
(400, 280),dw,0
(80, 200),lt,-6.62541509624
(240, 180),up,-2.35423241716
(160, 120),up,9.40603944964
(100, 60),dw,0
(340, 240),lt,0
(180, 320),dw,-0.813125596312
(80, 400),lt,0
(0, 380),dw,0
(340, 280),rt,0
(260, 180),lt,-1.8913046582
(80, 260),lt,-6.60329777267
(200, 100),up,-4.16716951973
(120, 240),lt,0
(140, 140),dw,-4.28234511201
(200, 60),lt,-4.33967565079
(240, 40),up,-9.78025105906
(100, 380),dw,-14.7762124097
(380, 40),rt,0
(400, 280),lt,0
(0, 140),rt,0
(360, 360),lt,-0.15938235231
(280, 120),dw,-5.43386951403
(400, 220),lt,0
(400, 400),dw,0
(0, 120),up,0
(360, 220),up,-0.099875
(360, 380),rt,-5.0
(140, 320),up,-0.62748864359
(140, 140),rt,-4.32297741718
(380, 20),dw,0
(220, 40),lt,-2.24219737427
(220, 340),up,-0.401722427278
(380, 320),rt,0
(300, 80),up,-9.01401028442
(240, 140),rt,-3.90885879812
(200, 340),up,-0.270722553281
(320, 20),rt,0
(260, 380),up,-0.159910309564
(400, 320),lt,0
(240, 280),up,0
(320, 60),up,-4.23493188496
(360, 40),lt,-0.735041247874
(380, 200),dw,0
(100, 60),rt,0
(300, 160),up,-3.72337060212
(380, 240),lt,0
(20, 140),lt,0
(20, 320),up,0
(40, 180),lt,-9.78532545606
(0, 160),rt,0
(20, 280),lt,0
(140, 80),rt,-5.04292522871
(200, 220),up,-2.32346883065
(360, 60),lt,-1.91420034067
(300, 120),dw,0
(280, 160),lt,-3.73677386171
(20, 0),lt,0
(0, 80),up,0
(80, 320),rt,-6.27119302399
